130
260
389
516
643
770
891
1012
1133
1254
1375
1484
1593
1702
1484
1811
1920
2029
2138
2247
2337
2427
2517
2607
2697
2787
2877
2967
3042
3117
3192
3267
3342
3417
3492
3567
3117
3042
3642
3717
3792
3867
3920
3973
4026
4079
4132
4185
3920
4238
4291
4079
4344
4397
4438
4438
4479
4520
4561
4602
4643
4684
4684
4725
4766
4807
4848
4438
4602
4561
4889
4930
4889
4971
5012
5053
5080
5107
5134
5161
5134
5188
5215
5242
5215
5080
5269
5296
5269
5323
5350
5350
5369
5388
5407
5426
5445
5445
5350
5464
5388
5407
5464
5483
5502
5464
5483
5521
5540
5559
5569
5579
5589
5589
5599
5599
5569
5599
5599
5609
5619
5629
5634
5629
5639
5639
5644
5649
5649
5651
5652
5782
5911
6038
6165
6292
6413
6534
6655
6776
6897
7006
7115
7224
7006
7333
7442
7551
7660
7769
7859
7949
8039
8129
8219
8309
8399
8489
8564
8639
8714
8789
8864
8939
9014
9089
8639
8564
9164
9239
9314
9389
9442
9495
9548
9601
9654
9707
9442
9760
9813
9601
9866
9919
9960
9960
10001
10042
10083
10124
10165
10206
10206
10247
10288
10329
10370
9960
10124
10083
10411
10452
10411
10493
10534
10575
10602
10629
10656
10683
10656
10710
10737
10764
10737
10602
10791
10818
10791
10845
10872
10872
10891
10910
10929
10948
10967
10967
10872
10986
10910
10929
10986
11005
11024
10986
11005
11043
11062
11081
11091
11101
11111
11111
11121
11121
11091
11121
11121
11131
11141
11151
11156
11151
11161
11161
11166
11171
11171
11173
5782
6165
6534
6655
6776
7006
7006
7442
7551
7660
7949
7949
8039
8129
7949
8219
11174
8309
8399
8639
8564
9014
11264
11339
9164
9239
11414
9654
9707
9654
9442
9442
11489
9760
9601
9813
9654
9707
9601
11542
9813
9960
9960
10124
10083
11595
10288
10329
9960
11636
10452
11595
10411
10737
10737
10737
10764
10764
10764
10764
10602
10602
10602
11677
11704
11704
10818
10737
10764
10764
10737
11704
10737
10791
10818
10872
10872
10910
10929
11731
10929
10986
11750
11769
11750
10872
10986
11788
10986
11005
11807
11807
11121
11121
11817
11091
11091
11091
11807
11807
11121
11817
11807
11807
11827
11807
11807
11121
11827
11837
11842
11151
11151
11151
11837
11837
11842
11837
11837
11161
11847
11852
11171
11852
11852
11852
11852
11854
11854
5911
6534
7115
7333
7442
7769
7769
8039
8219
11174
8489
8639
8864
8939
8639
9314
11264
9164
11855
9495
9866
9654
11489
9760
9813
9601
11542
10001
10411
10124
10206
10206
11930
10247
10288
11971
10124
10411
10452
11595
10534
10575
10602
10683
10656
11704
10764
10737
10602
11677
10818
11704
10845
12012
10872
10872
12031
12050
10929
11731
10948
10948
10948
11788
11769
11750
11024
10872
11731
10929
11005
11788
11005
11043
11062
12069
11091
11111
11807
11817
11807
12079
11807
11817
11807
11091
11121
11827
11121
11141
11842
11842
12089
11151
12094
11842
11837
11837
11842
11837
11151
12094
11837
11847
12094
11837
11847
11166
12099
12104
12106
11852
11852
11852
11852
11852
12106
11852
11852
11171
12106
12108
11854
12108
11854
11854
12108
6038
6655
7333
7333
7551
7859
7859
8219
8219
8309
8564
8564
9314
9314
8564
9314
9164
9164
9239
9866
9866
9707
9813
9813
9813
9601
11542
10411
10411
10411
10493
10493
10534
10534
10329
10370
10411
10411
10452
11595
10534
10791
10791
10845
10845
11704
10737
10737
10791
10818
10818
11704
10845
10986
10986
10986
11005
11005
11005
11005
11043
11043
11043
11062
11750
11750
11024
10986
11005
11005
11005
11788
11005
11043
11062
11121
11121
11131
11141
11141
11141
11121
11807
11807
11807
11121
11121
11827
11121
11141
11837
11837
11161
11161
11847
11166
11166
11166
11837
11837
11161
11847
11837
11847
12094
11837
11847
11166
12099
11852
11852
11171
11171
11171
11852
11852
11852
11852
11852
11171
12106
11854
11173
11854
11854
11854
12108
6165
6776
7442
7551
7660
7949
7949
11174
8309
8399
9014
9014
11264
11339
9014
9164
11855
9239
11414
9654
9707
9601
12109
12109
9601
11542
12162
10288
10329
10288
9960
9960
12215
11636
11595
10452
10288
10329
11595
12256
10452
10737
10737
10764
10764
12297
11704
11704
10737
12324
11704
12297
10737
11750
11750
11750
11769
11769
11769
11769
10872
10872
10872
12351
12370
12370
11788
11750
11769
11769
11750
12370
11750
10986
11788
11807
11807
11121
11817
11817
11817
11807
12389
12389
12389
11807
11807
12389
11807
11807
12094
12094
11837
11837
12399
11842
11842
11842
12094
12094
11837
12399
12094
12094
12099
12094
12094
11837
12099
12106
12106
11852
11852
11852
12106
12106
12106
12106
12106
11852
12106
12108
11854
12108
12108
12108
12108
6292
7006
7769
7859
7949
8714
8789
8639
8564
9014
9389
9442
9495
9548
9442
9866
9654
9707
9601
10206
10493
9960
10124
10083
10411
10329
11595
10575
10791
10602
10629
10629
10683
10656
10737
10845
10602
10791
10737
11704
10845
10891
10910
10948
10967
11750
10872
10986
10910
10929
11005
11750
11043
12404
11121
11121
12069
12069
11091
11091
11101
11111
11111
11807
11807
11807
11141
11121
11091
11091
11121
11807
11121
11131
11141
12089
11151
11156
11837
11842
11837
12414
11837
11842
11837
11151
11161
11847
11161
11166
11852
11852
12419
11171
12106
11852
11852
11852
11852
11852
11171
12106
11852
11852
12106
11852
11852
11171
12106
12108
12108
12108
11854
11854
11854
11854
12108
11854
11854
11173
12108
6413
7006
7769
7859
7949
8789
8789
8639
8564
9014
9389
9442
9495
9548
9442
9866
9654
9707
9601
10206
10493
9960
10124
10083
10411
10329
11595
10575
10791
10602
10629
10629
10683
10656
10737
10845
10602
10791
10737
11704
10845
10891
10910
10948
10967
11750
10872
10986
10910
10929
11005
11750
11043
12404
11121
11121
12069
12069
11091
11091
11111
11111
11111
11807
11807
11807
11141
11121
11091
11091
11121
11807
11121
11131
11141
12089
11151
11156
11837
11842
11837
12414
11837
11842
11837
11151
11161
11847
11161
11166
11852
11852
12419
11171
12106
11852
11852
11852
11852
11852
11171
12106
11852
11852
12106
11852
11852
11171
12106
12108
12108
11854
11854
11854
11854
11854
12108
11854
11854
11173
12108
6534
7442
8039
8219
11174
8639
8639
11264
9164
11855
9654
9654
11489
9760
9654
9813
12109
9601
11542
10124
10411
10288
12215
11636
10452
11595
12256
10764
10737
10764
10602
10602
12421
11677
11704
10818
10764
10737
11704
12297
10818
10872
10872
11731
10929
12370
11769
11750
10872
12351
11788
12370
11005
11807
11807
11807
11817
11817
11817
11817
11091
11091
11091
12389
12389
12389
11827
11807
11817
11817
11807
12389
11807
11121
11827
11842
11842
11151
12094
12399
12094
11837
12094
12399
12094
11842
11837
12099
11837
11847
12106
12106
11852
11852
12448
12106
12106
12106
12106
12106
11852
12448
12106
12106
12448
12106
12106
11852
12448
12108
12450
12108
12108
12108
12108
12108
12450
12108
12108
11854
12450
6655
7551
8219
8219
8309
8564
8564
9164
9164
9239
9707
9707
9813
9813
9707
9813
9601
9601
11542
10411
10411
10329
10452
10452
10452
11595
12256
10737
10737
10737
10791
10791
10818
10818
11704
10818
10737
10737
11704
12297
10818
10986
10986
11005
11005
12370
11750
11750
10986
11788
11788
12370
11005
11807
11807
11807
11807
11807
11807
11807
11121
11121
11121
11827
12389
12389
11827
11807
11807
11807
11807
12389
11807
11121
11827
11837
11837
11161
11847
11847
11847
11837
12094
12094
12094
11837
11837
12099
11837
11847
12106
12106
11852
11852
12106
11852
11852
11852
12106
12106
11852
12106
12106
12106
12448
12106
12106
11852
12448
12108
12108
11854
11854
11854
12108
12108
12108
12108
12108
11854
12450
6776
7660
11174
8309
8399
9014
9014
11855
9239
11414
9601
9601
12109
12109
9601
9601
11542
11542
12162
10288
10329
11595
12451
12451
11595
12256
12492
11704
11704
11704
10737
10737
12324
12324
12297
11704
11704
11704
12297
12533
11704
11750
11750
11769
11769
12560
12370
12370
11750
12579
12370
12560
11750
12389
12389
12389
12389
12389
12389
12389
11807
11807
11807
12598
12608
12608
12389
12389
12389
12389
12389
12608
12389
11807
12389
12094
12094
11837
12399
12399
12399
12094
12618
12618
12618
12094
12094
12618
12094
12094
12448
12448
12106
12106
12448
12106
12106
12106
12448
12448
12106
12448
12448
12448
12448
12448
12448
12106
12448
12450
12450
12108
12108
12108
12450
12450
12450
12450
12450
12108
12450
6897
7949
8489
8564
9014
9389
9389
9654
9707
9601
9919
9960
10001
10042
9960
10411
10288
10329
11595
10575
10791
10737
10764
10764
10737
11704
12297
12012
10986
10872
10891
10891
12031
12050
11750
11005
10872
10986
11750
12370
11005
12404
11121
12069
12069
12389
11807
11807
11121
11817
11807
12389
11121
12623
11837
11837
12623
12623
11842
11842
12089
12089
12089
12094
12094
12094
11847
11837
11842
11842
11837
12094
11837
11161
11847
12104
11852
12419
12106
12106
12106
11852
12106
12106
12106
11852
11852
12106
11852
11852
12108
12108
12108
11854
12450
12108
12108
12108
12108
12108
11854
12450
12108
12108
12450
12108
12108
11854
12450
7006
7949
8639
8564
9014
9442
9442
9654
9707
9601
9960
9960
10124
10083
9960
10411
10288
10329
11595
10602
10791
10737
10764
10764
10737
11704
12297
10872
10986
10872
10910
10910
11731
10929
11750
11005
10872
10986
11750
12370
11005
11121
11121
11091
11091
12389
11807
11807
11121
11817
11807
12389
11121
11837
11837
11837
11842
11842
11842
11842
11151
11151
11151
12094
12094
12094
11847
11837
11842
11842
11837
12094
11837
11161
11847
11852
11852
11171
12106
12106
12106
11852
12106
12106
12106
11852
11852
12106
11852
11852
12108
12108
11854
11854
12450
12108
12108
12108
12108
12108
11854
12450
12108
12108
12450
12108
12108
11854
12450
7115
8039
8864
9314
11264
9495
9495
11489
9813
12109
10001
10124
11930
10247
10124
10534
12215
10452
12451
10683
10845
10764
12421
11677
10818
11704
12297
12031
11005
11731
10948
10948
12628
11788
11769
12647
11731
11005
11788
12370
11062
12069
11091
11817
11807
12389
11817
11807
11091
12389
11827
12389
11141
12623
11842
11842
12399
12094
12094
12399
11842
11842
11842
12099
12399
12094
12094
11842
12399
12094
11847
12099
11847
11166
12099
12106
12106
11852
12106
12448
12106
11852
12106
12448
12106
12106
11852
12448
11852
12106
12450
12450
12108
12108
12450
12450
12108
12108
12450
12108
12108
12450
12108
12450
12450
12108
12450
12108
12666
7224
8129
8939
9314
11339
9548
9548
9760
9813
12109
10042
10083
10247
10247
10083
10534
11636
10452
12451
10656
10845
10764
11677
11677
10818
11704
12297
12050
11005
10929
10967
10967
11788
11788
11769
12647
10929
11005
11788
12370
11062
12069
11091
11807
11807
12389
11817
11807
11091
12389
11827
12389
11141
12623
11842
11842
12094
12094
12094
12094
11837
11837
11837
12099
12399
12094
12094
11842
12094
12094
11847
12099
11847
11166
12099
12106
12106
11852
12106
12106
12106
11852
12106
12448
12106
12106
11852
12448
11852
12106
12450
12450
12108
12108
12450
12108
12108
12108
12450
12108
12108
12450
12108
12450
12450
12108
12450
12108
12666
7333
8219
9314
9314
9164
9866
9866
9813
9813
9601
10411
10411
10534
10534
10411
10534
10452
10452
11595
10845
10845
10737
10818
10818
10818
11704
12297
11005
11005
11005
11043
11043
11062
11062
11750
11024
11005
11005
11788
12370
11062
11121
11121
11141
11141
12389
11807
11807
11121
11827
11827
12389
11141
11837
11837
11837
11847
11847
11847
11847
11166
11166
11166
12099
12094
12094
12094
11837
11847
11847
11847
12099
11847
11166
12099
11852
11852
11171
12106
12106
12106
11852
12106
12106
12106
11852
11852
12448
11852
12106
12108
12108
11854
11854
12450
12108
12108
12108
12108
12108
11854
12450
12108
12450
12450
12108
12450
12108
12666
7442
11174
11264
9164
11855
9654
9654
12109
9601
11542
10288
10288
12215
11636
10288
10452
12451
11595
12256
10764
10737
11704
12324
12324
11704
12297
12533
11769
11750
11769
10872
10872
12628
12351
12370
11788
11769
11750
12370
12560
11788
11807
11807
11817
11817
12608
12389
12389
11807
12598
12389
12608
11807
12094
12094
12094
12399
12399
12399
12399
11842
11842
11842
12618
12618
12618
12099
12094
12399
12399
12094
12618
12094
11837
12099
12106
12106
11852
12448
12448
12448
12106
12448
12448
12448
12106
12106
12448
12106
12106
12450
12450
12108
12108
12666
12450
12450
12450
12450
12450
12108
12666
12450
12450
12666
12450
12450
12108
12666
7551
8309
9164
9164
9239
9707
9707
9601
9601
11542
10329
10329
10452
10452
10329
10452
11595
11595
12256
10737
10737
11704
11704
11704
11704
12297
12533
11750
11750
11750
10986
10986
11788
11788
12370
11788
11750
11750
12370
12560
11788
11807
11807
11807
11807
12608
12389
12389
11807
12389
12389
12608
11807
12094
12094
12094
12094
12094
12094
12094
11837
11837
11837
12099
12618
12618
12099
12094
12094
12094
12094
12618
12094
11837
12099
12106
12106
11852
12106
12106
12106
12106
12448
12448
12448
12106
12106
12448
12106
12106
12450
12450
12108
12108
12450
12108
12108
12108
12450
12450
12108
12450
12450
12450
12666
12450
12450
12108
12666
7660
8399
11855
9239
11414
9601
9601
11542
11542
12162
11595
11595
12451
12451
11595
11595
12256
12256
12492
11704
11704
12297
12297
12297
12297
12533
12667
12370
12370
12370
11750
11750
12579
12579
12560
12370
12370
12370
12560
12694
12370
12389
12389
12389
12389
12713
12608
12608
12389
12608
12608
12713
12389
12618
12618
12618
12618
12618
12618
12618
12094
12094
12094
12723
12728
12728
12618
12618
12618
12618
12618
12728
12618
12094
12618
12448
12448
12106
12448
12448
12448
12448
12733
12733
12733
12448
12448
12733
12448
12448
12666
12666
12450
12450
12666
12450
12450
12450
12666
12666
12450
12666
12666
12666
12666
12666
12666
12450
12666
7769
8639
9495
9866
9654
10206
10206
10124
10411
10288
10575
10602
10683
10656
10602
10845
10764
10737
11704
10948
11043
10872
11731
10929
11005
11750
12370
12069
11121
11091
11111
11111
11817
11807
11807
11141
11091
11121
11807
12389
11141
12089
11151
11842
11837
12094
11842
11837
11151
12094
11847
12094
11166
12104
11852
11852
12106
12106
12106
12106
11852
11852
11852
12106
12106
12106
12106
11852
12106
12106
11852
12106
11852
11171
12106
12108
12108
11854
12108
12450
12108
11854
12108
12450
12108
12108
11854
12450
11854
12108
7859
8564
9866
9866
9707
10493
10493
10411
10411
10329
10791
10791
10845
10845
10791
10845
10737
10737
11704
11043
11043
10986
11005
11005
11005
11750
12370
11121
11121
11121
11131
11131
11141
11141
11807
11141
11121
11121
11807
12389
11141
11161
11161
11166
11166
12094
11837
11837
11161
11847
11847
12094
11166
11852
11852
11852
11852
11852
11852
11852
11171
11171
11171
12106
12106
12106
12106
11852
11852
11852
11852
12106
11852
11171
12106
11854
11854
11173
12108
12108
12108
11854
12108
12108
12108
11854
11854
12450
11854
12108
7949
9014
9654
9707
9601
9960
9960
10288
10329
11595
10737
10737
10764
10764
10737
10737
11704
11704
12297
10872
10986
11750
11769
11769
11750
12370
12560
11807
11807
11807
11121
11121
11817
11817
12389
11807
11807
11807
12389
12608
11807
11837
11837
11842
11842
12618
12094
12094
11837
12399
12094
12618
11837
12106
12106
12106
12106
12106
12106
12106
11852
11852
11852
12448
12448
12448
12106
12106
12106
12106
12106
12448
12106
11852
12106
12108
12108
11854
12450
12450
12450
12108
12450
12450
12450
12108
12108
12450
12108
12108
8039
11264
11489
9813
12109
10124
10124
12215
10452
12451
10764
10764
12421
11677
10764
10818
12324
11704
12297
11731
11005
11769
12628
12351
11788
12370
12560
11817
11807
11817
11091
11091
12598
12389
12389
11827
11817
11807
12389
12608
11827
11842
11842
12399
12094
12618
12399
12094
11842
12618
12099
12618
11847
12106
12106
12106
12448
12448
12448
12448
12106
12106
12106
12448
12448
12448
12448
12106
12448
12448
12106
12448
12106
11852
12448
12450
12450
12108
12450
12666
12450
12108
12450
12666
12450
12450
12108
12666
12108
12450
8129
11339
9760
9813
12109
10083
10083
11636
10452
12451
10764
10764
11677
11677
10764
10818
12324
11704
12297
10929
11005
11769
12351
12351
11788
12370
12560
11817
11807
11817
11091
11091
12389
12389
12389
11827
11817
11807
12389
12608
11827
11842
11842
12094
12094
12618
12399
12094
11842
12618
12099
12618
11847
12106
12106
12106
12448
12448
12448
12448
12106
12106
12106
12448
12448
12448
12448
12106
12448
12448
12106
12448
12106
11852
12448
12450
12450
12108
12450
12450
12450
12108
12450
12666
12450
12450
12108
12666
12108
12450
8219
9164
9813
9813
9601
10411
10411
10452
10452
11595
10737
10737
10818
10818
10737
10818
11704
11704
12297
11005
11005
11750
11788
11788
11788
12370
12560
11807
11807
11807
11121
11121
11827
11827
12389
11827
11807
11807
12389
12608
11827
11837
11837
11847
11847
12618
12094
12094
11837
12099
12099
12618
11847
12106
12106
12106
12106
12106
12106
12106
11852
11852
11852
12448
12448
12448
12448
12106
12106
12106
12106
12448
12106
11852
12448
12108
12108
11854
12450
12450
12450
12108
12450
12450
12450
12108
12108
12666
12108
12450
8309
9239
9601
9601
11542
10329
10329
11595
11595
12256
11704
11704
11704
11704
11704
11704
12297
12297
12533
11750
11750
12370
12370
12370
12370
12560
12694
12389
12389
12389
11807
11807
12389
12389
12608
12389
12389
12389
12608
12713
12389
12094
12094
12094
12094
12728
12618
12618
12094
12618
12618
12728
12094
12448
12448
12448
12448
12448
12448
12448
12106
12106
12106
12448
12733
12733
12448
12448
12448
12448
12448
12733
12448
12106
12448
12450
12450
12108
12450
12450
12450
12450
12666
12666
12666
12450
12450
12666
12450
12450
8399
11414
11542
11542
12162
11595
11595
12256
12256
12492
12297
12297
12297
12297
12297
12297
12533
12533
12667
12370
12370
12560
12560
12560
12560
12694
12735
12608
12608
12608
12389
12389
12608
12608
12713
12608
12608
12608
12713
12754
12608
12618
12618
12618
12618
12764
12728
12728
12618
12728
12728
12764
12618
12733
12733
12733
12733
12733
12733
12733
12448
12448
12448
12733
12769
12769
12733
12733
12733
12733
12733
12769
12733
12448
12733
12666
12666
12450
12666
12666
12666
12666
12771
12771
12771
12666
12666
12771
12666
12666
8489
9654
10001
10411
10288
10575
10575
10764
10737
11704
12012
10872
12031
12050
10872
11005
11769
11750
12370
12069
11121
11807
11817
11817
11807
12389
12608
12623
11837
11842
12089
12089
12399
12094
12094
11847
11842
11837
12094
12618
11847
12104
11852
12106
12106
12448
12106
12106
11852
12448
12106
12448
11852
12450
12108
12108
12450
12450
12450
12450
12108
12108
12108
12450
12450
12450
12450
12108
12450
12450
12108
12450
12108
11854
12450
8564
9707
10411
10411
10329
10791
10791
10737
10737
11704
10986
10986
11005
11005
10986
11005
11750
11750
12370
11121
11121
11807
11807
11807
11807
12389
12608
11837
11837
11837
11161
11161
11847
11847
12094
11847
11837
11837
12094
12618
11847
11852
11852
11852
11852
12448
12106
12106
11852
12106
12106
12448
11852
12108
12108
12108
12108
12108
12108
12108
11854
11854
11854
12450
12450
12450
12450
12108
12108
12108
12108
12450
12108
11854
12450
8639
9654
10124
10411
10288
10602
10602
10764
10737
11704
10872
10872
11731
10929
10872
11005
11769
11750
12370
11091
11121
11807
11817
11817
11807
12389
12608
11842
11837
11842
11151
11151
12399
12094
12094
11847
11842
11837
12094
12618
11847
11852
11852
12106
12106
12448
12106
12106
11852
12448
12106
12448
11852
12108
12108
12108
12450
12450
12450
12450
12108
12108
12108
12450
12450
12450
12450
12108
12450
12450
12108
12450
12108
11854
12450
8714
9442
10206
10493
9960
10629
10629
10602
10791
10737
10891
10910
10948
10967
10910
11043
10872
10986
11750
11111
11131
11121
11091
11091
11121
11807
12389
12089
11161
11151
11156
11156
11842
11837
11837
11166
11151
11161
11837
12094
11166
12419
11171
11852
11852
12106
11852
11852
11171
12106
11852
12106
11171
12108
11854
11854
12108
12108
12108
12108
12108
11854
11854
12108
12108
12108
12108
11854
12108
12108
11854
12108
11854
11173
12108
8789
9442
10206
10493
9960
10629
10629
10602
10791
10737
10891
10910
10948
10967
10910
11043
10872
10986
11750
11111
11131
11121
11091
11091
11121
11807
12389
12089
11161
11151
11156
11156
11842
11837
11837
11166
11151
11161
11837
12094
11166
12419
11171
11852
11852
12106
11852
11852
11171
12106
11852
12106
11171
12108
11854
11854
12108
12108
12108
12108
11854
11854
11854
12108
12108
12108
12108
11854
12108
12108
11854
12108
11854
11173
12108
8864
11489
11930
10534
12215
10683
10683
12421
10818
12324
12031
11731
12628
11788
11731
11062
12628
11788
12579
11817
11141
11817
12598
12389
11827
12389
12608
12399
11847
12399
11842
11842
12723
12099
12399
12399
12399
11847
12099
12618
12099
12106
12106
12448
12106
12448
12448
12106
12106
12448
12448
12448
12106
12450
12450
12450
12666
12450
12450
12666
12450
12450
12450
12666
12666
12450
12450
12450
12666
12450
12450
12666
12450
12108
12666
8939
9760
10247
10534
11636
10656
10656
11677
10818
12324
12050
10929
11788
11788
10929
11062
12351
11788
12579
11807
11141
11817
12389
12389
11827
12389
12608
12094
11847
12094
11837
11837
12099
12099
12399
12399
12094
11847
12099
12618
12099
12106
12106
12106
12106
12448
12448
12106
12106
12448
12448
12448
12106
12450
12450
12450
12450
12450
12450
12450
12108
12108
12108
12666
12666
12450
12450
12450
12450
12450
12450
12666
12450
12108
12666
9014
9601
10288
10329
11595
10737
10737
11704
11704
12297
11750
11750
11769
11769
11750
11750
12370
12370
12560
11807
11807
12389
12389
12389
12389
12608
12713
12094
12094
12094
11837
11837
12399
12399
12618
12094
12094
12094
12618
12728
12094
12106
12106
12106
12106
12733
12448
12448
12106
12448
12448
12733
12106
12450
12450
12450
12450
12450
12450
12450
12108
12108
12108
12666
12666
12666
12450
12450
12450
12450
12450
12666
12450
12108
12450
9089
9813
11971
10370
10452
10845
10845
10818
10818
11704
11005
11005
12647
12647
11005
11024
11788
11788
12370
11141
11141
11807
11827
11827
11827
12389
12608
11847
11847
11847
11166
11166
12399
12399
12094
12094
11847
11847
12099
12618
12094
11852
11852
12106
12106
12448
12106
12106
11852
12448
12448
12448
12106
12108
12108
12108
12450
12450
12450
12450
12108
12108
12108
12666
12450
12450
12450
12108
12450
12450
12450
12666
12450
12108
12450
9164
9601
10452
10452
11595
10737
10737
11704
11704
12297
11750
11750
11788
11788
11750
11788
12370
12370
12560
11807
11807
12389
12389
12389
12389
12608
12713
12094
12094
12094
11837
11837
12099
12099
12618
12099
12094
12094
12618
12728
12099
12106
12106
12106
12106
12733
12448
12448
12106
12448
12448
12733
12106
12450
12450
12450
12450
12450
12450
12450
12108
12108
12108
12666
12666
12666
12666
12450
12450
12450
12450
12666
12450
12108
12666
9239
11542
11595
11595
12256
11704
11704
12297
12297
12533
12370
12370
12370
12370
12370
12370
12560
12560
12694
12389
12389
12608
12608
12608
12608
12713
12754
12618
12618
12618
12094
12094
12618
12618
12728
12618
12618
12618
12728
12764
12618
12448
12448
12448
12448
12769
12733
12733
12448
12733
12733
12769
12448
12666
12666
12666
12666
12666
12666
12666
12450
12450
12450
12666
12771
12771
12666
12666
12666
12666
12666
12771
12666
12450
12666
9314
9813
10534
10534
10452
10845
10845
10818
10818
11704
11005
11005
11062
11062
11005
11062
11788
11788
12370
11141
11141
11807
11827
11827
11827
12389
12608
11847
11847
11847
11166
11166
12099
12099
12094
12094
11847
11847
12099
12618
12099
11852
11852
12106
12106
12448
12106
12106
11852
12448
12448
12448
12106
12108
12108
12108
12450
12450
12450
12450
12108
12108
12108
12666
12450
12450
12450
12108
12450
12450
12450
12666
12450
12108
12666
9389
9960
10575
10791
10737
10891
10891
10872
10986
11750
12404
11121
12069
12069
11121
11121
11807
11807
12389
12089
11161
11837
11842
11842
11837
12094
12618
12104
11852
11852
12419
12419
12106
12106
12106
11852
11852
11852
12106
12448
11852
12108
11854
12108
12108
12450
12108
12108
11854
12450
12108
12450
11854
9442
9960
10602
10791
10737
10910
10910
10872
10986
11750
11121
11121
11091
11091
11121
11121
11807
11807
12389
11151
11161
11837
11842
11842
11837
12094
12618
11852
11852
11852
11171
11171
12106
12106
12106
11852
11852
11852
12106
12448
11852
11854
11854
12108
12108
12450
12108
12108
11854
12450
12108
12450
11854
9495
10124
10683
10845
10764
10948
10948
11731
11005
11769
12069
11091
11817
11807
11091
11141
11817
11807
12389
11842
11166
11842
12399
12094
11847
12094
12618
12106
11852
12106
11852
11852
12448
12106
12106
12106
12106
11852
12106
12448
12106
12108
12108
12450
12108
12450
12450
12108
12108
12450
12450
12450
12108
9548
10083
10656
10845
10764
10967
10967
10929
11005
11769
12069
11091
11807
11807
11091
11141
11817
11807
12389
11837
11166
11842
12094
12094
11847
12094
12618
12106
11852
12106
11852
11852
12106
12106
12106
12106
12106
11852
12106
12448
12106
12108
12108
12108
12108
12450
12450
12108
12108
12450
12450
12450
12108
9601
11595
11704
11704
12297
11750
11750
12370
12370
12560
12389
12389
12389
12389
12389
12389
12608
12608
12713
12094
12094
12618
12618
12618
12618
12728
12764
12448
12448
12448
12106
12106
12448
12448
12733
12448
12448
12448
12733
12769
12448
12450
12450
12450
12450
12771
12666
12666
12450
12666
12666
12771
12450
9654
10288
10764
10737
11704
10872
10872
11769
11750
12370
11807
11807
11817
11817
11807
11807
12389
12389
12608
11842
11837
12094
12399
12399
12094
12618
12728
12106
12106
12106
11852
11852
12448
12448
12448
12106
12106
12106
12448
12733
12106
12108
12108
12450
12450
12666
12450
12450
12108
12666
12450
12666
12108
9707
10329
10737
10737
11704
10986
10986
11750
11750
12370
11807
11807
11807
11807
11807
11807
12389
12389
12608
11837
11837
12094
12094
12094
12094
12618
12728
12106
12106
12106
11852
11852
12106
12106
12448
12106
12106
12106
12448
12733
12106
12108
12108
12108
12108
12666
12450
12450
12108
12450
12450
12666
12108
9760
11636
11677
10818
12324
10929
10929
12351
11788
12579
11817
11817
12389
12389
11817
11827
12598
12389
12608
12094
11847
12399
12618
12618
12099
12618
12728
12448
12106
12448
12106
12106
12448
12448
12448
12448
12448
12106
12448
12733
12448
12450
12450
12450
12450
12666
12666
12450
12450
12666
12666
12666
12450
9813
10452
10818
10818
11704
11005
11005
11788
11788
12370
11807
11807
11827
11827
11807
11827
12389
12389
12608
11847
11847
12094
12099
12099
12099
12618
12728
12106
12106
12106
11852
11852
12448
12448
12448
12448
12106
12106
12448
12733
12448
12108
12108
12450
12450
12666
12450
12450
12108
12666
12666
12666
12450
9866
10411
10845
10845
10737
11043
11043
11005
11005
11750
11121
11121
11141
11141
11121
11141
11807
11807
12389
11166
11166
11837
11847
11847
11847
12094
12618
11852
11852
11852
11171
11171
12106
12106
12106
12106
11852
11852
12106
12448
12106
11854
11854
12108
12108
12450
12108
12108
11854
12450
12450
12450
12108
9919
10737
12012
10986
11750
12404
12404
11807
11807
12389
12623
11837
12623
12623
11837
11837
12094
12094
12618
12104
11852
12106
12106
12106
12106
12448
12733
12450
12108
12108
12108
12108
12450
12450
12450
12108
12108
12108
12450
12666
12108
9960
10737
10872
10986
11750
11121
11121
11807
11807
12389
11837
11837
11842
11842
11837
11837
12094
12094
12618
11852
11852
12106
12106
12106
12106
12448
12733
12108
12108
12108
11854
11854
12450
12450
12450
12108
12108
12108
12450
12666
12108
10001
10764
12031
11005
11769
12069
12069
11817
11807
12389
12623
11842
12399
12094
11842
11847
12399
12094
12618
12106
11852
12106
12448
12448
12106
12448
12733
12450
12108
12450
12108
12108
12666
12450
12450
12450
12450
12108
12450
12666
12450
10042
10764
12050
11005
11769
12069
12069
11817
11807
12389
12623
11842
12094
12094
11842
11847
12399
12094
12618
12106
11852
12106
12448
12448
12106
12448
12733
12450
12108
12450
12108
12108
12450
12450
12450
12450
12450
12108
12450
12666
12450
10083
10764
10929
11005
11769
11091
11091
11817
11807
12389
11842
11842
12094
12094
11842
11847
12399
12094
12618
12106
11852
12106
12448
12448
12106
12448
12733
12450
12108
12450
12108
12108
12450
12450
12450
12450
12450
12108
12450
12666
12450
10124
10764
11731
11005
11769
11091
11091
11817
11807
12389
11842
11842
12399
12094
11842
11847
12399
12094
12618
12106
11852
12106
12448
12448
12106
12448
12733
12450
12108
12450
12108
12108
12666
12450
12450
12450
12450
12108
12450
12666
12450
10165
10602
10948
11043
10872
11101
11111
11091
11121
11807
12089
11151
11842
11837
11151
11166
11842
11837
12094
11852
11171
11852
12106
12106
11852
12106
12448
12108
11854
12108
12108
11854
12450
12108
12108
12108
12108
11854
12108
12450
12108
10206
10602
10948
11043
10872
11111
11111
11091
11121
11807
12089
11151
11842
11837
11151
11166
11842
11837
12094
11852
11171
11852
12106
12106
11852
12106
12448
12108
11854
12108
11854
11854
12450
12108
12108
12108
12108
11854
12108
12450
12108
10247
11677
11788
11062
12351
11807
11807
12389
11827
12598
12094
12094
12099
12099
12094
12099
12618
12099
12723
12106
12106
12448
12448
12448
12448
12448
12733
12450
12450
12450
12108
12108
12666
12666
12666
12666
12450
12450
12666
12666
12666
10288
11704
11769
11750
12370
11807
11807
12389
12389
12608
12094
12094
12399
12399
12094
12094
12618
12618
12728
12106
12106
12448
12448
12448
12448
12733
12769
12450
12450
12450
12108
12108
12666
12666
12666
12450
12450
12450
12666
12771
12450
10329
11704
11750
11750
12370
11807
11807
12389
12389
12608
12094
12094
12094
12094
12094
12094
12618
12618
12728
12106
12106
12448
12448
12448
12448
12733
12769
12450
12450
12450
12108
12108
12450
12450
12666
12450
12450
12450
12666
12771
12450
10370
10818
11024
11024
11788
11141
11141
11827
11827
12389
11847
11847
12094
12094
11847
12094
12099
12099
12618
12106
12106
12106
12448
12448
12448
12448
12733
12450
12450
12450
12108
12108
12450
12450
12450
12450
12450
12450
12666
12666
12450
10411
10737
11005
11005
11750
11121
11121
11807
11807
12389
11837
11837
11847
11847
11837
11847
12094
12094
12618
11852
11852
12106
12106
12106
12106
12448
12733
12108
12108
12108
11854
11854
12450
12450
12450
12450
12108
12108
12450
12666
12450
10452
11704
11788
11788
12370
11807
11807
12389
12389
12608
12094
12094
12099
12099
12094
12099
12618
12618
12728
12106
12106
12448
12448
12448
12448
12733
12769
12450
12450
12450
12108
12108
12666
12666
12666
12666
12450
12450
12666
12771
12666
10493
10791
11043
11043
10986
11131
11131
11121
11121
11807
11161
11161
11166
11166
11161
11166
11837
11837
12094
11171
11171
11852
11852
11852
11852
12106
12448
11854
11854
11854
11173
11173
12108
12108
12108
12108
11854
11854
12108
12450
12108
10534
10818
11062
11062
11788
11141
11141
11827
11827
12389
11847
11847
12099
12099
11847
12099
12099
12099
12618
12106
12106
12106
12448
12448
12448
12448
12733
12450
12450
12450
12108
12108
12666
12666
12450
12450
12450
12450
12666
12666
12666
10575
10872
12069
11121
11807
12089
12089
11842
11837
12094
12104
11852
12106
12106
11852
11852
12106
12106
12448
12108
11854
12108
12450
12450
12108
12450
12666
10602
10872
11091
11121
11807
11151
11151
11842
11837
12094
11852
11852
12106
12106
11852
11852
12106
12106
12448
12108
11854
12108
12450
12450
12108
12450
12666
10629
10910
11111
11131
11121
11156
11156
11151
11161
11837
12419
11171
11852
11852
11171
11171
11852
11852
12106
11854
11173
11854
12108
12108
11854
12108
12450
10656
10929
11807
11141
11817
11837
11837
12094
11847
12399
12106
12106
12106
12106
12106
12106
12448
12106
12448
12108
12108
12450
12450
12450
12450
12450
12666
10683
11731
11817
11141
11817
11842
11842
12399
11847
12399
12106
12106
12448
12106
12106
12106
12448
12106
12448
12450
12108
12450
12666
12450
12450
12450
12666
10710
10986
12079
11121
11807
12414
12414
11837
11837
12094
11852
11852
11852
11852
11852
11852
12106
12106
12448
11854
11854
12108
12108
12108
12108
12450
12666
10737
11750
11807
11807
12389
11837
11837
12094
12094
12618
12106
12106
12106
12106
12106
12106
12448
12448
12733
12108
12108
12450
12450
12450
12450
12666
12771
10764
11769
11817
11807
12389
11842
11842
12399
12094
12618
12106
12106
12448
12448
12106
12106
12448
12448
12733
12450
12108
12450
12666
12666
12450
12666
12771
10791
10986
11121
11121
11807
11161
11161
11837
11837
12094
11852
11852
11852
11852
11852
11852
12106
12106
12448
11854
11854
12108
12108
12108
12108
12450
12666
10818
11788
11827
11827
12389
11847
11847
12099
12099
12618
12106
12106
12448
12448
12106
12448
12448
12448
12733
12450
12450
12450
12666
12666
12666
12666
12771
10845
11005
11141
11141
11807
11166
11166
11847
11847
12094
11852
11852
12106
12106
11852
12106
12106
12106
12448
12108
12108
12108
12450
12450
12450
12450
12666
10872
11807
11842
11837
12094
11852
11852
12106
12106
12448
12108
12108
12450
12450
12108
12108
12450
12450
12666
10891
11121
12089
11161
11837
12419
12419
11852
11852
12106
12108
11854
12108
12108
11854
11854
12108
12108
12450
10910
11121
11151
11161
11837
11171
11171
11852
11852
12106
11854
11854
12108
12108
11854
11854
12108
12108
12450
10929
11817
12094
11847
12399
12106
12106
12448
12106
12448
12450
12450
12450
12450
12450
12450
12666
12450
12666
10948
11091
11842
11166
11842
11852
11852
12106
11852
12106
12108
12108
12450
12108
12108
12108
12450
12108
12450
10967
11091
11837
11166
11842
11852
11852
12106
11852
12106
12108
12108
12108
12108
12108
12108
12450
12108
12450
10986
11807
11837
11837
12094
11852
11852
12106
12106
12448
12108
12108
12108
12108
12108
12108
12450
12450
12666
11005
11807
11847
11847
12094
11852
11852
12106
12106
12448
12108
12108
12450
12450
12108
12450
12450
12450
12666
11024
11827
12094
12094
12099
12106
12106
12448
12448
12448
12450
12450
12450
12450
12450
12450
12666
12666
12666
11043
11121
11166
11166
11837
11171
11171
11852
11852
12106
11854
11854
12108
12108
11854
12108
12108
12108
12450
11062
11827
12099
12099
12099
12106
12106
12448
12448
12448
12450
12450
12666
12666
12450
12666
12666
12666
12666
11081
11837
12104
11852
12106
12108
12108
12108
12108
12450
11091
11842
12106
11852
12106
12108
12108
12450
12108
12450
11101
11151
11852
11171
11852
12108
11854
12108
11854
12108
11111
11151
11852
11171
11852
11854
11854
12108
11854
12108
11121
11837
11852
11852
12106
11854
11854
12108
12108
12450
11131
11161
11171
11171
11852
11173
11173
11854
11854
12108
11141
11847
12106
12106
12106
12108
12108
12450
12450
12450
11151
11852
12108
11854
12108
11156
11171
11854
11173
11854
11161
11852
11854
11854
12108
11166
11852
12108
12108
12108
11171
11854
11173
12772
12902
13031
13158
13285
13412
13533
13654
13775
13896
14017
14126
14235
14344
14126
14453
14562
14671
14780
14889
14979
15069
15159
15249
15339
15429
15519
15609
15684
15759
15834
15909
15984
16059
16134
16209
15759
15684
16284
16359
16434
16509
16562
16615
16668
16721
16774
16827
16562
16880
16933
16721
16986
17039
17080
17080
17121
17162
17203
17244
17285
17326
17326
17367
17408
17449
17490
17080
17244
17203
17531
17572
17531
17613
17654
17695
17722
17749
17776
17803
17776
17830
17857
17884
17857
17722
17911
17938
17911
17965
17992
17992
18011
18030
18049
18068
18087
18087
17992
18106
18030
18049
18106
18125
18144
18106
18125
18163
18182
18201
18211
18221
18231
18231
18241
18241
18211
18241
18241
18251
18261
18271
18276
18271
18281
18281
18286
18291
18291
18293
12902
13285
13654
13775
13896
14126
14126
14562
14671
14780
15069
15069
15159
15249
15069
15339
18294
15429
15519
15759
15684
16134
18384
18384
16284
16359
18459
16774
16827
16774
16562
16562
18534
16880
16721
16933
16774
16827
16721
18587
16933
17080
17080
17244
17203
18640
17408
17449
17080
18681
17572
18640
17531
17857
17857
17857
17884
17884
17884
17884
17722
17722
17722
18722
18749
18749
17938
17857
17884
17884
17857
18749
17857
17911
17938
17992
17992
18030
18049
18776
18049
18106
18795
18814
18795
17992
18106
18833
18106
18125
18852
18852
18241
18241
18862
18211
18211
18211
18852
18852
18241
18862
18852
18852
18872
18852
18852
18241
18872
18882
18887
18271
18271
18271
18882
18882
18887
18882
18882
18281
18892
18897
18291
18897
18897
18897
18897
18899
18899
13031
13654
14235
14453
14562
14889
14889
15159
15339
18294
15609
15759
15984
16059
15759
16434
18384
16284
18900
16615
16986
16774
18534
16880
16933
16721
18587
17121
17531
17244
17326
17326
18975
17367
17408
19016
17244
17531
17572
18640
17654
17695
17722
17803
17776
18749
17884
17857
17722
18722
17938
18749
17965
19057
17992
17992
19076
19095
18049
18776
18068
18068
18068
18833
18814
18795
18144
17992
18776
18049
18125
18833
18125
18163
18182
19114
18211
18231
18852
18862
18852
19124
18852
18862
18852
18211
18241
18872
18241
18261
18887
18887
19134
18271
19139
18887
18882
18882
18887
18882
18271
19139
18882
18892
19139
18882
18892
18286
19144
19149
19151
18897
18897
18897
18897
18897
19151
18897
18897
18291
19151
19153
18899
19153
18899
18899
19153
13158
13775
14453
14453
14671
14979
14979
15339
15339
15429
15684
15684
16434
16434
15684
16434
16284
16284
16359
16986
16986
16827
16933
16933
16933
16721
18587
17531
17531
17531
17613
17613
17654
17654
17449
17490
17531
17531
17572
18640
17654
17911
17911
17965
17965
18749
17857
17857
17911
17938
17938
18749
17965
18106
18106
18106
18125
18125
18125
18125
18163
18163
18163
18182
18795
18795
18144
18106
18125
18125
18125
18833
18125
18163
18182
18241
18241
18251
18261
18261
18261
18241
18852
18852
18852
18241
18241
18872
18241
18261
18882
18882
18281
18281
18892
18286
18286
18286
18882
18882
18281
18892
18882
18892
19139
18882
18892
18286
19144
18897
18897
18291
18291
18291
18897
18897
18897
18897
18897
18291
19151
18899
18293
18899
18899
18899
19153
13285
13896
14562
14671
14780
15069
15069
18294
15429
15519
16134
16134
18384
18384
16134
16284
18900
16359
18459
16774
16827
16721
19154
19154
16721
18587
19207
17408
17449
17408
17080
17080
19260
18681
18640
17572
17408
17449
18640
19301
17572
17857
17857
17884
17884
19342
18749
18749
17857
19369
18749
19342
17857
18795
18795
18795
18814
18814
18814
18814
17992
17992
17992
19396
19415
19415
18833
18795
18814
18814
18795
19415
18795
18106
18833
18852
18852
18241
18862
18862
18862
18852
19434
19434
19434
18852
18852
19434
18852
18852
19139
19139
18882
18882
19444
18887
18887
18887
19139
19139
18882
19444
19139
19139
19144
19139
19139
18882
19144
19151
19151
18897
18897
18897
19151
19151
19151
19151
19151
18897
19151
19153
18899
19153
19153
19153
19153
13412
14126
14889
14979
15069
15834
15909
15759
15684
16134
16509
16562
16615
16668
16562
16986
16774
16827
16721
17326
17613
17080
17244
17203
17531
17449
18640
17695
17911
17722
17749
17749
17803
17776
17857
17965
17722
17911
17857
18749
17965
18011
18030
18068
18087
18795
17992
18106
18030
18049
18125
18795
18163
19449
18241
18241
19114
19114
18211
18211
18221
18231
18231
18852
18852
18852
18261
18241
18211
18211
18241
18852
18241
18251
18261
19134
18271
18276
18882
18887
18882
19459
18882
18887
18882
18271
18281
18892
18281
18286
18897
18897
19464
18291
19151
18897
18897
18897
18897
18897
18291
19151
18897
18897
19151
18897
18897
18291
19151
19153
19153
19153
18899
18899
18899
18899
19153
18899
18899
18293
19153
13533
14126
14889
14979
15069
15909
15909
15759
15684
16134
16509
16562
16615
16668
16562
16986
16774
16827
16721
17326
17613
17080
17244
17203
17531
17449
18640
17695
17911
17722
17749
17749
17803
17776
17857
17965
17722
17911
17857
18749
17965
18011
18030
18068
18087
18795
17992
18106
18030
18049
18125
18795
18163
19449
18241
18241
19114
19114
18211
18211
18231
18231
18231
18852
18852
18852
18261
18241
18211
18211
18241
18852
18241
18251
18261
19134
18271
18276
18882
18887
18882
19459
18882
18887
18882
18271
18281
18892
18281
18286
18897
18897
19464
18291
19151
18897
18897
18897
18897
18897
18291
19151
18897
18897
19151
18897
18897
18291
19151
19153
19153
18899
18899
18899
18899
18899
19153
18899
18899
18293
19153
13654
14562
15159
15339
18294
15759
15759
18384
16284
18900
16774
16774
18534
16880
16774
16933
19154
16721
18587
17244
17531
17408
19260
18681
17572
18640
19301
17884
17857
17884
17722
17722
19466
18722
18749
17938
17884
17857
18749
19342
17938
17992
17992
18776
18049
19415
18814
18795
17992
19396
18833
19415
18125
18852
18852
18852
18862
18862
18862
18862
18211
18211
18211
19434
19434
19434
18872
18852
18862
18862
18852
19434
18852
18241
18872
18887
18887
18271
19139
19444
19139
18882
19139
19444
19139
18887
18882
19144
18882
18892
19151
19151
18897
18897
19493
19151
19151
19151
19151
19151
18897
19493
19151
19151
19493
19151
19151
18897
19493
19153
19495
19153
19153
19153
19153
19153
19495
19153
19153
18899
19495
13775
14671
15339
15339
15429
15684
15684
16284
16284
16359
16827
16827
16933
16933
16827
16933
16721
16721
18587
17531
17531
17449
17572
17572
17572
18640
19301
17857
17857
17857
17911
17911
17938
17938
18749
17938
17857
17857
18749
19342
17938
18106
18106
18125
18125
19415
18795
18795
18106
18833
18833
19415
18125
18852
18852
18852
18852
18852
18852
18852
18241
18241
18241
18872
19434
19434
18872
18852
18852
18852
18852
19434
18852
18241
18872
18882
18882
18281
18892
18892
18892
18882
19139
19139
19139
18882
18882
19144
18882
18892
19151
19151
18897
18897
19151
18897
18897
18897
19151
19151
18897
19151
19151
19151
19493
19151
19151
18897
19493
19153
19153
18899
18899
18899
19153
19153
19153
19153
19153
18899
19495
13896
14780
18294
15429
15519
16134
16134
18900
16359
18459
16721
16721
19154
19154
16721
16721
18587
18587
19207
17408
17449
18640
19496
19496
18640
19301
19537
18749
18749
18749
17857
17857
19369
19369
19342
18749
18749
18749
19342
19578
18749
18795
18795
18814
18814
19605
19415
19415
18795
19624
19415
19605
18795
19434
19434
19434
19434
19434
19434
19434
18852
18852
18852
19643
19653
19653
19434
19434
19434
19434
19434
19653
19434
18852
19434
19139
19139
18882
19444
19444
19444
19139
19663
19663
19663
19139
19139
19663
19139
19139
19493
19493
19151
19151
19493
19151
19151
19151
19493
19493
19151
19493
19493
19493
19493
19493
19493
19151
19493
19495
19495
19153
19153
19153
19495
19495
19495
19495
19495
19153
19495
14017
15069
15609
15684
16134
16509
16509
16774
16827
16721
17039
17080
17121
17162
17080
17531
17408
17449
18640
17695
17911
17857
17884
17884
17857
18749
19342
19057
18106
17992
18011
18011
19076
19095
18795
18125
17992
18106
18795
19415
18125
19449
18241
19114
19114
19434
18852
18852
18241
18862
18852
19434
18241
19668
18882
18882
19668
19668
18887
18887
19134
19134
19134
19139
19139
19139
18892
18882
18887
18887
18882
19139
18882
18281
18892
19149
18897
19464
19151
19151
19151
18897
19151
19151
19151
18897
18897
19151
18897
18897
19153
19153
19153
18899
19495
19153
19153
19153
19153
19153
18899
19495
19153
19153
19495
19153
19153
18899
19495
14126
15069
15759
15684
16134
16562
16562
16774
16827
16721
17080
17080
17244
17203
17080
17531
17408
17449
18640
17722
17911
17857
17884
17884
17857
18749
19342
17992
18106
17992
18030
18030
18776
18049
18795
18125
17992
18106
18795
19415
18125
18241
18241
18211
18211
19434
18852
18852
18241
18862
18852
19434
18241
18882
18882
18882
18887
18887
18887
18887
18271
18271
18271
19139
19139
19139
18892
18882
18887
18887
18882
19139
18882
18281
18892
18897
18897
18291
19151
19151
19151
18897
19151
19151
19151
18897
18897
19151
18897
18897
19153
19153
18899
18899
19495
19153
19153
19153
19153
19153
18899
19495
19153
19153
19495
19153
19153
18899
19495
14235
15159
15984
16434
18384
16615
16615
18534
16933
19154
17121
17244
18975
17367
17244
17654
19260
17572
19496
17803
17965
17884
19466
18722
17938
18749
19342
19076
18125
18776
18068
18068
19673
18833
18814
19692
18776
18125
18833
19415
18182
19114
18211
18862
18852
19434
18862
18852
18211
19434
18872
19434
18261
19668
18887
18887
19444
19139
19139
19444
18887
18887
18887
19144
19444
19139
19139
18887
19444
19139
18892
19144
18892
18286
19144
19151
19151
18897
19151
19493
19151
18897
19151
19493
19151
19151
18897
19493
18897
19151
19495
19495
19153
19153
19495
19495
19153
19153
19495
19153
19153
19495
19153
19495
19495
19153
19495
19153
19711
14344
15249
16059
16434
18384
16668
16668
16880
16933
19154
17162
17203
17367
17367
17203
17654
18681
17572
19496
17776
17965
17884
18722
18722
17938
18749
19342
19095
18125
18049
18087
18087
18833
18833
18814
19692
18049
18125
18833
19415
18182
19114
18211
18852
18852
19434
18862
18852
18211
19434
18872
19434
18261
19668
18887
18887
19139
19139
19139
19139
18882
18882
18882
19144
19444
19139
19139
18887
19139
19139
18892
19144
18892
18286
19144
19151
19151
18897
19151
19151
19151
18897
19151
19493
19151
19151
18897
19493
18897
19151
19495
19495
19153
19153
19495
19153
19153
19153
19495
19153
19153
19495
19153
19495
19495
19153
19495
19153
19711
14453
15339
16434
16434
16284
16986
16986
16933
16933
16721
17531
17531
17654
17654
17531
17654
17572
17572
18640
17965
17965
17857
17938
17938
17938
18749
19342
18125
18125
18125
18163
18163
18182
18182
18795
18144
18125
18125
18833
19415
18182
18241
18241
18261
18261
19434
18852
18852
18241
18872
18872
19434
18261
18882
18882
18882
18892
18892
18892
18892
18286
18286
18286
19144
19139
19139
19139
18882
18892
18892
18892
19144
18892
18286
19144
18897
18897
18291
19151
19151
19151
18897
19151
19151
19151
18897
18897
19493
18897
19151
19153
19153
18899
18899
19495
19153
19153
19153
19153
19153
18899
19495
19153
19495
19495
19153
19495
19153
19711
14562
18294
18384
16284
18900
16774
16774
19154
16721
18587
17408
17408
19260
18681
17408
17572
19496
18640
19301
17884
17857
18749
19369
19369
18749
19342
19578
18814
18795
18814
17992
17992
19673
19396
19415
18833
18814
18795
19415
19605
18833
18852
18852
18862
18862
19653
19434
19434
18852
19643
19434
19653
18852
19139
19139
19139
19444
19444
19444
19444
18887
18887
18887
19663
19663
19663
19144
19139
19444
19444
19139
19663
19139
18882
19144
19151
19151
18897
19493
19493
19493
19151
19493
19493
19493
19151
19151
19493
19151
19151
19495
19495
19153
19153
19711
19495
19495
19495
19495
19495
19153
19711
19495
19495
19711
19495
19495
19153
19711
14671
15429
16284
16284
16359
16827
16827
16721
16721
18587
17449
17449
17572
17572
17449
17572
18640
18640
19301
17857
17857
18749
18749
18749
18749
19342
19578
18795
18795
18795
18106
18106
18833
18833
19415
18833
18795
18795
19415
19605
18833
18852
18852
18852
18852
19653
19434
19434
18852
19434
19434
19653
18852
19139
19139
19139
19139
19139
19139
19139
18882
18882
18882
19144
19663
19663
19144
19139
19139
19139
19139
19663
19139
18882
19144
19151
19151
18897
19151
19151
19151
19151
19493
19493
19493
19151
19151
19493
19151
19151
19495
19495
19153
19153
19495
19153
19153
19153
19495
19495
19153
19495
19495
19495
19711
19495
19495
19153
19711
14780
15519
18900
16359
18459
16721
16721
18587
18587
19207
18640
18640
19496
19496
18640
18640
19301
19301
19537
18749
18749
19342
19342
19342
19342
19578
19712
19415
19415
19415
18795
18795
19624
19624
19605
19415
19415
19415
19605
19739
19415
19434
19434
19434
19434
19758
19653
19653
19434
19653
19653
19758
19434
19663
19663
19663
19663
19663
19663
19663
19139
19139
19139
19768
19773
19773
19663
19663
19663
19663
19663
19773
19663
19139
19663
19493
19493
19151
19493
19493
19493
19493
19778
19778
19778
19493
19493
19778
19493
19493
19711
19711
19495
19495
19711
19495
19495
19495
19711
19711
19495
19711
19711
19711
19711
19711
19711
19495
19711
14889
15759
16615
16986
16774
17326
17326
17244
17531
17408
17695
17722
17803
17776
17722
17965
17884
17857
18749
18068
18163
17992
18776
18049
18125
18795
19415
19114
18241
18211
18231
18231
18862
18852
18852
18261
18211
18241
18852
19434
18261
19134
18271
18887
18882
19139
18887
18882
18271
19139
18892
19139
18286
19149
18897
18897
19151
19151
19151
19151
18897
18897
18897
19151
19151
19151
19151
18897
19151
19151
18897
19151
18897
18291
19151
19153
19153
18899
19153
19495
19153
18899
19153
19495
19153
19153
18899
19495
18899
19153
14979
15684
16986
16986
16827
17613
17613
17531
17531
17449
17911
17911
17965
17965
17911
17965
17857
17857
18749
18163
18163
18106
18125
18125
18125
18795
19415
18241
18241
18241
18251
18251
18261
18261
18852
18261
18241
18241
18852
19434
18261
18281
18281
18286
18286
19139
18882
18882
18281
18892
18892
19139
18286
18897
18897
18897
18897
18897
18897
18897
18291
18291
18291
19151
19151
19151
19151
18897
18897
18897
18897
19151
18897
18291
19151
18899
18899
18293
19153
19153
19153
18899
19153
19153
19153
18899
18899
19495
18899
19153
15069
16134
16774
16827
16721
17080
17080
17408
17449
18640
17857
17857
17884
17884
17857
17857
18749
18749
19342
17992
18106
18795
18814
18814
18795
19415
19605
18852
18852
18852
18241
18241
18862
18862
19434
18852
18852
18852
19434
19653
18852
18882
18882
18887
18887
19663
19139
19139
18882
19444
19139
19663
18882
19151
19151
19151
19151
19151
19151
19151
18897
18897
18897
19493
19493
19493
19151
19151
19151
19151
19151
19493
19151
18897
19151
19153
19153
18899
19495
19495
19495
19153
19495
19495
19495
19153
19153
19495
19153
19153
15159
18384
18534
16933
19154
17244
17244
19260
17572
19496
17884
17884
19466
18722
17884
17938
19369
18749
19342
18776
18125
18814
19673
19396
18833
19415
19605
18862
18852
18862
18211
18211
19643
19434
19434
18872
18862
18852
19434
19653
18872
18887
18887
19444
19139
19663
19444
19139
18887
19663
19144
19663
18892
19151
19151
19151
19493
19493
19493
19493
19151
19151
19151
19493
19493
19493
19493
19151
19493
19493
19151
19493
19151
18897
19493
19495
19495
19153
19495
19711
19495
19153
19495
19711
19495
19495
19153
19711
19153
19495
15249
18384
16880
16933
19154
17203
17203
18681
17572
19496
17884
17884
18722
18722
17884
17938
19369
18749
19342
18049
18125
18814
19396
19396
18833
19415
19605
18862
18852
18862
18211
18211
19434
19434
19434
18872
18862
18852
19434
19653
18872
18887
18887
19139
19139
19663
19444
19139
18887
19663
19144
19663
18892
19151
19151
19151
19493
19493
19493
19493
19151
19151
19151
19493
19493
19493
19493
19151
19493
19493
19151
19493
19151
18897
19493
19495
19495
19153
19495
19495
19495
19153
19495
19711
19495
19495
19153
19711
19153
19495
15339
16284
16933
16933
16721
17531
17531
17572
17572
18640
17857
17857
17938
17938
17857
17938
18749
18749
19342
18125
18125
18795
18833
18833
18833
19415
19605
18852
18852
18852
18241
18241
18872
18872
19434
18872
18852
18852
19434
19653
18872
18882
18882
18892
18892
19663
19139
19139
18882
19144
19144
19663
18892
19151
19151
19151
19151
19151
19151
19151
18897
18897
18897
19493
19493
19493
19493
19151
19151
19151
19151
19493
19151
18897
19493
19153
19153
18899
19495
19495
19495
19153
19495
19495
19495
19153
19153
19711
19153
19495
15429
16359
16721
16721
18587
17449
17449
18640
18640
19301
18749
18749
18749
18749
18749
18749
19342
19342
19578
18795
18795
19415
19415
19415
19415
19605
19739
19434
19434
19434
18852
18852
19434
19434
19653
19434
19434
19434
19653
19758
19434
19139
19139
19139
19139
19773
19663
19663
19139
19663
19663
19773
19139
19493
19493
19493
19493
19493
19493
19493
19151
19151
19151
19493
19778
19778
19493
19493
19493
19493
19493
19778
19493
19151
19493
19495
19495
19153
19495
19495
19495
19495
19711
19711
19711
19495
19495
19711
19495
19495
15519
18459
18587
18587
19207
18640
18640
19301
19301
19537
19342
19342
19342
19342
19342
19342
19578
19578
19712
19415
19415
19605
19605
19605
19605
19739
19780
19653
19653
19653
19434
19434
19653
19653
19758
19653
19653
19653
19758
19799
19653
19663
19663
19663
19663
19809
19773
19773
19663
19773
19773
19809
19663
19778
19778
19778
19778
19778
19778
19778
19493
19493
19493
19778
19814
19814
19778
19778
19778
19778
19778
19814
19778
19493
19778
19711
19711
19495
19711
19711
19711
19711
19816
19816
19816
19711
19711
19816
19711
19711
15609
16774
17121
17531
17408
17695
17695
17884
17857
18749
19057
17992
19076
19095
17992
18125
18814
18795
19415
19114
18241
18852
18862
18862
18852
19434
19653
19668
18882
18887
19134
19134
19444
19139
19139
18892
18887
18882
19139
19663
18892
19149
18897
19151
19151
19493
19151
19151
18897
19493
19151
19493
18897
19495
19153
19153
19495
19495
19495
19495
19153
19153
19153
19495
19495
19495
19495
19153
19495
19495
19153
19495
19153
18899
19495
15684
16827
17531
17531
17449
17911
17911
17857
17857
18749
18106
18106
18125
18125
18106
18125
18795
18795
19415
18241
18241
18852
18852
18852
18852
19434
19653
18882
18882
18882
18281
18281
18892
18892
19139
18892
18882
18882
19139
19663
18892
18897
18897
18897
18897
19493
19151
19151
18897
19151
19151
19493
18897
19153
19153
19153
19153
19153
19153
19153
18899
18899
18899
19495
19495
19495
19495
19153
19153
19153
19153
19495
19153
18899
19495
15759
16774
17244
17531
17408
17722
17722
17884
17857
18749
17992
17992
18776
18049
17992
18125
18814
18795
19415
18211
18241
18852
18862
18862
18852
19434
19653
18887
18882
18887
18271
18271
19444
19139
19139
18892
18887
18882
19139
19663
18892
18897
18897
19151
19151
19493
19151
19151
18897
19493
19151
19493
18897
19153
19153
19153
19495
19495
19495
19495
19153
19153
19153
19495
19495
19495
19495
19153
19495
19495
19153
19495
19153
18899
19495
15834
16562
17326
17613
17080
17749
17749
17722
17911
17857
18011
18030
18068
18087
18030
18163
17992
18106
18795
18231
18251
18241
18211
18211
18241
18852
19434
19134
18281
18271
18276
18276
18887
18882
18882
18286
18271
18281
18882
19139
18286
19464
18291
18897
18897
19151
18897
18897
18291
19151
18897
19151
18291
19153
18899
18899
19153
19153
19153
19153
19153
18899
18899
19153
19153
19153
19153
18899
19153
19153
18899
19153
18899
18293
19153
15909
16562
17326
17613
17080
17749
17749
17722
17911
17857
18011
18030
18068
18087
18030
18163
17992
18106
18795
18231
18251
18241
18211
18211
18241
18852
19434
19134
18281
18271
18276
18276
18887
18882
18882
18286
18271
18281
18882
19139
18286
19464
18291
18897
18897
19151
18897
18897
18291
19151
18897
19151
18291
19153
18899
18899
19153
19153
19153
19153
18899
18899
18899
19153
19153
19153
19153
18899
19153
19153
18899
19153
18899
18293
19153
15984
18534
18975
17654
19260
17803
17803
19466
17938
19369
19076
18776
19673
18833
18776
18182
19673
18833
19624
18862
18261
18862
19643
19434
18872
19434
19653
19444
18892
19444
18887
18887
19768
19144
19444
19444
19444
18892
19144
19663
19144
19151
19151
19493
19151
19493
19493
19151
19151
19493
19493
19493
19151
19495
19495
19495
19711
19495
19495
19711
19495
19495
19495
19711
19711
19495
19495
19495
19711
19495
19495
19711
19495
19153
19711
16059
16880
17367
17654
18681
17776
17776
18722
17938
19369
19095
18049
18833
18833
18049
18182
19396
18833
19624
18852
18261
18862
19434
19434
18872
19434
19653
19139
18892
19139
18882
18882
19144
19144
19444
19444
19139
18892
19144
19663
19144
19151
19151
19151
19151
19493
19493
19151
19151
19493
19493
19493
19151
19495
19495
19495
19495
19495
19495
19495
19153
19153
19153
19711
19711
19495
19495
19495
19495
19495
19495
19711
19495
19153
19711
16134
16721
17408
17449
18640
17857
17857
18749
18749
19342
18795
18795
18814
18814
18795
18795
19415
19415
19605
18852
18852
19434
19434
19434
19434
19653
19758
19139
19139
19139
18882
18882
19444
19444
19663
19139
19139
19139
19663
19773
19139
19151
19151
19151
19151
19778
19493
19493
19151
19493
19493
19778
19151
19495
19495
19495
19495
19495
19495
19495
19153
19153
19153
19711
19711
19711
19495
19495
19495
19495
19495
19711
19495
19153
19495
16209
16933
19016
17490
17572
17965
17965
17938
17938
18749
18125
18125
19692
19692
18125
18144
18833
18833
19415
18261
18261
18852
18872
18872
18872
19434
19653
18892
18892
18892
18286
18286
19444
19444
19139
19139
18892
18892
19144
19663
19139
18897
18897
19151
19151
19493
19151
19151
18897
19493
19493
19493
19151
19153
19153
19153
19495
19495
19495
19495
19153
19153
19153
19711
19495
19495
19495
19153
19495
19495
19495
19711
19495
19153
19495
16284
16721
17572
17572
18640
17857
17857
18749
18749
19342
18795
18795
18833
18833
18795
18833
19415
19415
19605
18852
18852
19434
19434
19434
19434
19653
19758
19139
19139
19139
18882
18882
19144
19144
19663
19144
19139
19139
19663
19773
19144
19151
19151
19151
19151
19778
19493
19493
19151
19493
19493
19778
19151
19495
19495
19495
19495
19495
19495
19495
19153
19153
19153
19711
19711
19711
19711
19495
19495
19495
19495
19711
19495
19153
19711
16359
18587
18640
18640
19301
18749
18749
19342
19342
19578
19415
19415
19415
19415
19415
19415
19605
19605
19739
19434
19434
19653
19653
19653
19653
19758
19799
19663
19663
19663
19139
19139
19663
19663
19773
19663
19663
19663
19773
19809
19663
19493
19493
19493
19493
19814
19778
19778
19493
19778
19778
19814
19493
19711
19711
19711
19711
19711
19711
19711
19495
19495
19495
19711
19816
19816
19711
19711
19711
19711
19711
19816
19711
19495
19711
16434
16933
17654
17654
17572
17965
17965
17938
17938
18749
18125
18125
18182
18182
18125
18182
18833
18833
19415
18261
18261
18852
18872
18872
18872
19434
19653
18892
18892
18892
18286
18286
19144
19144
19139
19139
18892
18892
19144
19663
19144
18897
18897
19151
19151
19493
19151
19151
18897
19493
19493
19493
19151
19153
19153
19153
19495
19495
19495
19495
19153
19153
19153
19711
19495
19495
19495
19153
19495
19495
19495
19711
19495
19153
19711
16509
17080
17695
17911
17857
18011
18011
17992
18106
18795
19449
18241
19114
19114
18241
18241
18852
18852
19434
19134
18281
18882
18887
18887
18882
19139
19663
19149
18897
18897
19464
19464
19151
19151
19151
18897
18897
18897
19151
19493
18897
19153
18899
19153
19153
19495
19153
19153
18899
19495
19153
19495
18899
16562
17080
17722
17911
17857
18030
18030
17992
18106
18795
18241
18241
18211
18211
18241
18241
18852
18852
19434
18271
18281
18882
18887
18887
18882
19139
19663
18897
18897
18897
18291
18291
19151
19151
19151
18897
18897
18897
19151
19493
18897
18899
18899
19153
19153
19495
19153
19153
18899
19495
19153
19495
18899
16615
17244
17803
17965
17884
18068
18068
18776
18125
18814
19114
18211
18862
18852
18211
18261
18862
18852
19434
18887
18286
18887
19444
19139
18892
19139
19663
19151
18897
19151
18897
18897
19493
19151
19151
19151
19151
18897
19151
19493
19151
19153
19153
19495
19153
19495
19495
19153
19153
19495
19495
19495
19153
16668
17203
17776
17965
17884
18087
18087
18049
18125
18814
19114
18211
18852
18852
18211
18261
18862
18852
19434
18882
18286
18887
19139
19139
18892
19139
19663
19151
18897
19151
18897
18897
19151
19151
19151
19151
19151
18897
19151
19493
19151
19153
19153
19153
19153
19495
19495
19153
19153
19495
19495
19495
19153
16721
18640
18749
18749
19342
18795
18795
19415
19415
19605
19434
19434
19434
19434
19434
19434
19653
19653
19758
19139
19139
19663
19663
19663
19663
19773
19809
19493
19493
19493
19151
19151
19493
19493
19778
19493
19493
19493
19778
19814
19493
19495
19495
19495
19495
19816
19711
19711
19495
19711
19711
19816
19495
16774
17408
17884
17857
18749
17992
17992
18814
18795
19415
18852
18852
18862
18862
18852
18852
19434
19434
19653
18887
18882
19139
19444
19444
19139
19663
19773
19151
19151
19151
18897
18897
19493
19493
19493
19151
19151
19151
19493
19778
19151
19153
19153
19495
19495
19711
19495
19495
19153
19711
19495
19711
19153
16827
17449
17857
17857
18749
18106
18106
18795
18795
19415
18852
18852
18852
18852
18852
18852
19434
19434
19653
18882
18882
19139
19139
19139
19139
19663
19773
19151
19151
19151
18897
18897
19151
19151
19493
19151
19151
19151
19493
19778
19151
19153
19153
19153
19153
19711
19495
19495
19153
19495
19495
19711
19153
16880
18681
18722
17938
19369
18049
18049
19396
18833
19624
18862
18862
19434
19434
18862
18872
19643
19434
19653
19139
18892
19444
19663
19663
19144
19663
19773
19493
19151
19493
19151
19151
19493
19493
19493
19493
19493
19151
19493
19778
19493
19495
19495
19495
19495
19711
19711
19495
19495
19711
19711
19711
19495
16933
17572
17938
17938
18749
18125
18125
18833
18833
19415
18852
18852
18872
18872
18852
18872
19434
19434
19653
18892
18892
19139
19144
19144
19144
19663
19773
19151
19151
19151
18897
18897
19493
19493
19493
19493
19151
19151
19493
19778
19493
19153
19153
19495
19495
19711
19495
19495
19153
19711
19711
19711
19495
16986
17531
17965
17965
17857
18163
18163
18125
18125
18795
18241
18241
18261
18261
18241
18261
18852
18852
19434
18286
18286
18882
18892
18892
18892
19139
19663
18897
18897
18897
18291
18291
19151
19151
19151
19151
18897
18897
19151
19493
19151
18899
18899
19153
19153
19495
19153
19153
18899
19495
19495
19495
19153
17039
17857
19057
18106
18795
19449
19449
18852
18852
19434
19668
18882
19668
19668
18882
18882
19139
19139
19663
19149
18897
19151
19151
19151
19151
19493
19778
19495
19153
19153
19153
19153
19495
19495
19495
19153
19153
19153
19495
19711
19153
17080
17857
17992
18106
18795
18241
18241
18852
18852
19434
18882
18882
18887
18887
18882
18882
19139
19139
19663
18897
18897
19151
19151
19151
19151
19493
19778
19153
19153
19153
18899
18899
19495
19495
19495
19153
19153
19153
19495
19711
19153
17121
17884
19076
18125
18814
19114
19114
18862
18852
19434
19668
18887
19444
19139
18887
18892
19444
19139
19663
19151
18897
19151
19493
19493
19151
19493
19778
19495
19153
19495
19153
19153
19711
19495
19495
19495
19495
19153
19495
19711
19495
17162
17884
19095
18125
18814
19114
19114
18862
18852
19434
19668
18887
19139
19139
18887
18892
19444
19139
19663
19151
18897
19151
19493
19493
19151
19493
19778
19495
19153
19495
19153
19153
19495
19495
19495
19495
19495
19153
19495
19711
19495
17203
17884
18049
18125
18814
18211
18211
18862
18852
19434
18887
18887
19139
19139
18887
18892
19444
19139
19663
19151
18897
19151
19493
19493
19151
19493
19778
19495
19153
19495
19153
19153
19495
19495
19495
19495
19495
19153
19495
19711
19495
17244
17884
18776
18125
18814
18211
18211
18862
18852
19434
18887
18887
19444
19139
18887
18892
19444
19139
19663
19151
18897
19151
19493
19493
19151
19493
19778
19495
19153
19495
19153
19153
19711
19495
19495
19495
19495
19153
19495
19711
19495
17285
17722
18068
18163
17992
18221
18231
18211
18241
18852
19134
18271
18887
18882
18271
18286
18887
18882
19139
18897
18291
18897
19151
19151
18897
19151
19493
19153
18899
19153
19153
18899
19495
19153
19153
19153
19153
18899
19153
19495
19153
17326
17722
18068
18163
17992
18231
18231
18211
18241
18852
19134
18271
18887
18882
18271
18286
18887
18882
19139
18897
18291
18897
19151
19151
18897
19151
19493
19153
18899
19153
18899
18899
19495
19153
19153
19153
19153
18899
19153
19495
19153
17367
18722
18833
18182
19396
18852
18852
19434
18872
19643
19139
19139
19144
19144
19139
19144
19663
19144
19768
19151
19151
19493
19493
19493
19493
19493
19778
19495
19495
19495
19153
19153
19711
19711
19711
19711
19495
19495
19711
19711
19711
17408
18749
18814
18795
19415
18852
18852
19434
19434
19653
19139
19139
19444
19444
19139
19139
19663
19663
19773
19151
19151
19493
19493
19493
19493
19778
19814
19495
19495
19495
19153
19153
19711
19711
19711
19495
19495
19495
19711
19816
19495
17449
18749
18795
18795
19415
18852
18852
19434
19434
19653
19139
19139
19139
19139
19139
19139
19663
19663
19773
19151
19151
19493
19493
19493
19493
19778
19814
19495
19495
19495
19153
19153
19495
19495
19711
19495
19495
19495
19711
19816
19495
17490
17938
18144
18144
18833
18261
18261
18872
18872
19434
18892
18892
19139
19139
18892
19139
19144
19144
19663
19151
19151
19151
19493
19493
19493
19493
19778
19495
19495
19495
19153
19153
19495
19495
19495
19495
19495
19495
19711
19711
19495
17531
17857
18125
18125
18795
18241
18241
18852
18852
19434
18882
18882
18892
18892
18882
18892
19139
19139
19663
18897
18897
19151
19151
19151
19151
19493
19778
19153
19153
19153
18899
18899
19495
19495
19495
19495
19153
19153
19495
19711
19495
17572
18749
18833
18833
19415
18852
18852
19434
19434
19653
19139
19139
19144
19144
19139
19144
19663
19663
19773
19151
19151
19493
19493
19493
19493
19778
19814
19495
19495
19495
19153
19153
19711
19711
19711
19711
19495
19495
19711
19816
19711
17613
17911
18163
18163
18106
18251
18251
18241
18241
18852
18281
18281
18286
18286
18281
18286
18882
18882
19139
18291
18291
18897
18897
18897
18897
19151
19493
18899
18899
18899
18293
18293
19153
19153
19153
19153
18899
18899
19153
19495
19153
17654
17938
18182
18182
18833
18261
18261
18872
18872
19434
18892
18892
19144
19144
18892
19144
19144
19144
19663
19151
19151
19151
19493
19493
19493
19493
19778
19495
19495
19495
19153
19153
19711
19711
19495
19495
19495
19495
19711
19711
19711
17695
17992
19114
18241
18852
19134
19134
18887
18882
19139
19149
18897
19151
19151
18897
18897
19151
19151
19493
19153
18899
19153
19495
19495
19153
19495
19711
17722
17992
18211
18241
18852
18271
18271
18887
18882
19139
18897
18897
19151
19151
18897
18897
19151
19151
19493
19153
18899
19153
19495
19495
19153
19495
19711
17749
18030
18231
18251
18241
18276
18276
18271
18281
18882
19464
18291
18897
18897
18291
18291
18897
18897
19151
18899
18293
18899
19153
19153
18899
19153
19495
17776
18049
18852
18261
18862
18882
18882
19139
18892
19444
19151
19151
19151
19151
19151
19151
19493
19151
19493
19153
19153
19495
19495
19495
19495
19495
19711
17803
18776
18862
18261
18862
18887
18887
19444
18892
19444
19151
19151
19493
19151
19151
19151
19493
19151
19493
19495
19153
19495
19711
19495
19495
19495
19711
17830
18106
19124
18241
18852
19459
19459
18882
18882
19139
18897
18897
18897
18897
18897
18897
19151
19151
19493
18899
18899
19153
19153
19153
19153
19495
19711
17857
18795
18852
18852
19434
18882
18882
19139
19139
19663
19151
19151
19151
19151
19151
19151
19493
19493
19778
19153
19153
19495
19495
19495
19495
19711
19816
17884
18814
18862
18852
19434
18887
18887
19444
19139
19663
19151
19151
19493
19493
19151
19151
19493
19493
19778
19495
19153
19495
19711
19711
19495
19711
19816
17911
18106
18241
18241
18852
18281
18281
18882
18882
19139
18897
18897
18897
18897
18897
18897
19151
19151
19493
18899
18899
19153
19153
19153
19153
19495
19711
17938
18833
18872
18872
19434
18892
18892
19144
19144
19663
19151
19151
19493
19493
19151
19493
19493
19493
19778
19495
19495
19495
19711
19711
19711
19711
19816
17965
18125
18261
18261
18852
18286
18286
18892
18892
19139
18897
18897
19151
19151
18897
19151
19151
19151
19493
19153
19153
19153
19495
19495
19495
19495
19711
17992
18852
18887
18882
19139
18897
18897
19151
19151
19493
19153
19153
19495
19495
19153
19153
19495
19495
19711
18011
18241
19134
18281
18882
19464
19464
18897
18897
19151
19153
18899
19153
19153
18899
18899
19153
19153
19495
18030
18241
18271
18281
18882
18291
18291
18897
18897
19151
18899
18899
19153
19153
18899
18899
19153
19153
19495
18049
18862
19139
18892
19444
19151
19151
19493
19151
19493
19495
19495
19495
19495
19495
19495
19711
19495
19711
18068
18211
18887
18286
18887
18897
18897
19151
18897
19151
19153
19153
19495
19153
19153
19153
19495
19153
19495
18087
18211
18882
18286
18887
18897
18897
19151
18897
19151
19153
19153
19153
19153
19153
19153
19495
19153
19495
18106
18852
18882
18882
19139
18897
18897
19151
19151
19493
19153
19153
19153
19153
19153
19153
19495
19495
19711
18125
18852
18892
18892
19139
18897
18897
19151
19151
19493
19153
19153
19495
19495
19153
19495
19495
19495
19711
18144
18872
19139
19139
19144
19151
19151
19493
19493
19493
19495
19495
19495
19495
19495
19495
19711
19711
19711
18163
18241
18286
18286
18882
18291
18291
18897
18897
19151
18899
18899
19153
19153
18899
19153
19153
19153
19495
18182
18872
19144
19144
19144
19151
19151
19493
19493
19493
19495
19495
19711
19711
19495
19711
19711
19711
19711
18201
18882
19149
18897
19151
19153
19153
19153
19153
19495
18211
18887
19151
18897
19151
19153
19153
19495
19153
19495
18221
18271
18897
18291
18897
19153
18899
19153
18899
19153
18231
18271
18897
18291
18897
18899
18899
19153
18899
19153
18241
18882
18897
18897
19151
18899
18899
19153
19153
19495
18251
18281
18291
18291
18897
18293
18293
18899
18899
19153
18261
18892
19151
19151
19151
19153
19153
19495
19495
19495
18271
18897
19153
18899
19153
18276
18291
18899
18293
18899
18281
18897
18899
18899
19153
18286
18897
19153
19153
19153
18291
18899
18293
18294
18900
19154
16721
18587
17408
17408
19496
18640
19301
18749
18749
19369
19369
18749
18749
19342
19342
19578
18814
18795
19415
19624
19624
19415
19605
19739
19434
19434
19434
18852
18852
19643
19643
19653
19434
19434
19434
19653
19758
19434
19139
19139
19444
19444
19773
19663
19663
19139
19768
19663
19773
19139
19493
19493
19493
19493
19493
19493
19493
19151
19151
19151
19778
19778
19778
19493
19493
19493
19493
19493
19778
19493
19151
19493
19495
19495
19153
19711
19711
19711
19495
19711
19711
19711
19495
19495
19711
19495
19495
18384
19154
19260
17572
19496
17884
17884
19369
18749
19342
18814
18814
19673
19396
18814
18833
19624
19415
19605
18862
18852
19434
19643
19643
19434
19653
19758
19444
19139
19444
18887
18887
19768
19663
19663
19144
19444
19139
19663
19773
19144
19151
19151
19493
19493
19778
19493
19493
19151
19778
19493
19778
19151
19495
19495
19495
19711
19711
19711
19711
19495
19495
19495
19711
19711
19711
19711
19495
19711
19711
19495
19711
19495
19153
19711
18384
19154
18681
17572
19496
17884
17884
19369
18749
19342
18814
18814
19396
19396
18814
18833
19624
19415
19605
18862
18852
19434
19643
19643
19434
19653
19758
19444
19139
19444
18887
18887
19663
19663
19663
19144
19444
19139
19663
19773
19144
19151
19151
19493
19493
19778
19493
19493
19151
19778
19493
19778
19151
19495
19495
19495
19711
19711
19711
19711
19495
19495
19495
19711
19711
19711
19711
19495
19711
19711
19495
19711
19495
19153
19711
18459
19207
19301
19301
19537
19342
19342
19578
19578
19712
19605
19605
19605
19605
19605
19605
19739
19739
19780
19653
19653
19758
19758
19758
19758
19799
19817
19773
19773
19773
19663
19663
19773
19773
19809
19773
19773
19773
19809
19827
19773
19778
19778
19778
19778
19832
19814
19814
19778
19814
19814
19832
19778
19816
19816
19816
19816
19816
19816
19816
19711
19711
19711
19816
19834
19834
19816
19816
19816
19816
19816
19834
19816
19711
19816
18534
19260
19466
17938
19369
18776
18776
19673
18833
19624
18862
18862
19643
19434
18862
18872
19643
19434
19653
19444
18892
19444
19768
19663
19144
19663
19773
19493
19151
19493
19151
19151
19778
19493
19493
19493
19493
19151
19493
19778
19493
19495
19495
19711
19495
19711
19711
19495
19495
19711
19711
19711
19495
18587
19301
19342
19342
19578
19415
19415
19605
19605
19739
19653
19653
19653
19653
19653
19653
19758
19758
19799
19663
19663
19773
19773
19773
19773
19809
19827
19778
19778
19778
19493
19493
19778
19778
19814
19778
19778
19778
19814
19832
19778
19711
19711
19711
19711
19834
19816
19816
19711
19816
19816
19834
19711
18640
19342
19415
19415
19605
19434
19434
19653
19653
19758
19663
19663
19663
19663
19663
19663
19773
19773
19809
19493
19493
19778
19778
19778
19778
19814
19832
19711
19711
19711
19495
19495
19711
19711
19816
19711
19711
19711
19816
19834
19711
18681
19369
19396
18833
19624
18862
18862
19643
19434
19653
19444
19444
19663
19663
19444
19144
19768
19663
19773
19493
19151
19493
19778
19778
19493
19778
19814
19711
19495
19711
19495
19495
19711
19711
19711
19711
19711
19495
19711
19816
19711
18722
19396
19434
18872
19643
19139
19139
19663
19144
19768
19493
19493
19493
19493
19493
19493
19778
19493
19778
19495
19495
19711
19711
19711
19711
19711
19816
18749
19415
19434
19434
19653
19139
19139
19663
19663
19773
19493
19493
19493
19493
19493
19493
19778
19778
19814
19495
19495
19711
19711
19711
19711
19816
19834
18776
18862
19444
18892
19444
19151
19151
19493
19151
19493
19495
19495
19711
19495
19495
19495
19711
19495
19711
18795
19434
19139
19139
19663
19151
19151
19493
19493
19778
19495
19495
19495
19495
19495
19495
19711
19711
19816
18814
19434
19444
19139
19663
19151
19151
19493
19493
19778
19495
19495
19711
19711
19495
19495
19711
19711
19816
18833
19434
19144
19144
19663
19151
19151
19493
19493
19778
19495
19495
19711
19711
19495
19711
19711
19711
19816
18852
19139
19151
19151
19493
19153
19153
19495
19495
19711
18862
19444
19493
19151
19493
19495
19495
19711
19495
19711
18872
19144
19493
19493
19493
19495
19495
19711
19711
19711
18882
19151
19153
19153
19495
18887
19151
19495
19153
19495
18892
19151
19495
19495
19495
18897
19153
18899
18900
18587
19496
18640
19301
18749
18749
19342
19342
19578
19415
19415
19624
19624
19415
19415
19605
19605
19739
19434
19434
19653
19653
19653
19653
19758
19799
19663
19663
19663
19139
19139
19768
19768
19773
19663
19663
19663
19773
19809
19663
19493
19493
19493
19493
19814
19778
19778
19493
19778
19778
19814
19493
19711
19711
19711
19711
19711
19711
19711
19495
19495
19495
19816
19816
19816
19711
19711
19711
19711
19711
19816
19711
19495
19711
18975
19466
19673
18182
19673
18862
18862
19643
18872
19643
19444
19444
19768
19144
19444
19144
19768
19144
19768
19493
19151
19493
19778
19493
19493
19493
19778
19711
19495
19711
19495
19495
19816
19711
19711
19711
19711
19495
19711
19711
19711
19016
17938
19692
18144
18833
18261
18261
18872
18872
19434
18892
18892
19444
19444
18892
19139
19144
19144
19663
19151
19151
19151
19493
19493
19493
19493
19778
19495
19495
19495
19153
19153
19711
19711
19495
19495
19495
19495
19711
19711
19495
19057
18852
19668
18882
19139
19149
19149
19151
19151
19493
19495
19153
19495
19495
19153
19153
19495
19495
19711
19076
18862
19444
18892
19444
19151
19151
19493
19151
19493
19495
19495
19711
19495
19495
19495
19711
19495
19711
19095
18862
19139
18892
19444
19151
19151
19493
19151
19493
19495
19495
19495
19495
19495
19495
19711
19495
19711
19114
18887
19151
18897
19151
19153
19153
19495
19153
19495
19124
18882
18897
18897
19151
18899
18899
19153
19153
19495
19134
18897
19153
18899
19153
19139
19493
19495
19495
19711
19144
19493
19711
19711
19711
19149
19153
19151
19495
19153
19154
19496
19369
18749
19342
18814
18814
19624
19415
19605
19434
19434
19643
19643
19434
19434
19653
19653
19758
19444
19139
19663
19768
19768
19663
19773
19809
19493
19493
19493
19151
19151
19778
19778
19778
19493
19493
19493
19778
19814
19493
19495
19495
19711
19711
19816
19711
19711
19495
19816
19711
19816
19495
19207
19537
19578
19578
19712
19605
19605
19739
19739
19780
19758
19758
19758
19758
19758
19758
19799
19799
19817
19773
19773
19809
19809
19809
19809
19827
19835
19814
19814
19814
19778
19778
19814
19814
19832
19814
19814
19814
19832
19840
19814
19816
19816
19816
19816
19842
19834
19834
19816
19834
19834
19842
19816
19260
19369
19673
18833
19624
18862
18862
19643
19434
19653
19444
19444
19768
19663
19444
19144
19768
19663
19773
19493
19151
19493
19778
19778
19493
19778
19814
19711
19495
19711
19495
19495
19816
19711
19711
19711
19711
19495
19711
19816
19711
19301
19578
19605
19605
19739
19653
19653
19758
19758
19799
19773
19773
19773
19773
19773
19773
19809
19809
19827
19778
19778
19814
19814
19814
19814
19832
19840
19816
19816
19816
19711
19711
19816
19816
19834
19816
19816
19816
19834
19842
19816
19342
19605
19653
19653
19758
19663
19663
19773
19773
19809
19778
19778
19778
19778
19778
19778
19814
19814
19832
19711
19711
19816
19816
19816
19816
19834
19842
19369
19624
19643
19434
19653
19444
19444
19768
19663
19773
19493
19493
19778
19778
19493
19493
19778
19778
19814
19711
19495
19711
19816
19816
19711
19816
19834
19396
19643
19663
19144
19768
19493
19493
19778
19493
19778
19711
19711
19711
19711
19711
19711
19816
19711
19816
19415
19653
19663
19663
19773
19493
19493
19778
19778
19814
19711
19711
19711
19711
19711
19711
19816
19816
19834
19434
19663
19493
19493
19778
19495
19495
19711
19711
19816
19444
19493
19711
19495
19711
19449
18882
19149
18897
19151
19153
19153
19153
19153
19495
19459
18897
18899
18899
19153
19464
18899
19466
19673
19643
18872
19643
19444
19444
19768
19144
19768
19493
19493
19778
19493
19493
19493
19778
19493
19778
19711
19495
19711
19816
19711
19711
19711
19816
19493
19711
19495
19496
19342
19624
19415
19605
19434
19434
19653
19653
19758
19663
19663
19768
19768
19663
19663
19773
19773
19809
19493
19493
19778
19778
19778
19778
19814
19832
19711
19711
19711
19495
19495
19816
19816
19816
19711
19711
19711
19816
19834
19711
19537
19712
19739
19739
19780
19758
19758
19799
19799
19817
19809
19809
19809
19809
19809
19809
19827
19827
19835
19814
19814
19832
19832
19832
19832
19840
19843
19834
19834
19834
19816
19816
19834
19834
19842
19834
19834
19834
19842
19845
19834
19578
19739
19758
19758
19799
19773
19773
19809
19809
19827
19814
19814
19814
19814
19814
19814
19832
19832
19840
19816
19816
19834
19834
19834
19834
19842
19845
19605
19758
19773
19773
19809
19778
19778
19814
19814
19832
19816
19816
19816
19816
19816
19816
19834
19834
19842
19624
19653
19768
19663
19773
19493
19493
19778
19778
19814
19711
19711
19816
19816
19711
19711
19816
19816
19834
19643
19768
19778
19493
19778
19711
19711
19816
19711
19816
19653
19773
19778
19778
19814
19711
19711
19816
19816
19834
19663
19778
19711
19711
19816
19668
19151
19495
19153
19495
19673
19643
19768
19144
19768
19493
19493
19778
19493
19778
19711
19711
19816
19711
19711
19711
19816
19711
19816
19692
18872
19444
19139
19144
19151
19151
19493
19493
19493
19495
19495
19711
19711
19495
19495
19711
19711
19711
19711
19712
19780
19799
19799
19817
19809
19809
19827
19827
19835
19832
19832
19832
19832
19832
19832
19840
19840
19843
19834
19834
19842
19842
19842
19842
19845
19846
19739
19799
19809
19809
19827
19814
19814
19832
19832
19840
19834
19834
19834
19834
19834
19834
19842
19842
19845
19758
19809
19814
19814
19832
19816
19816
19834
19834
19842
19768
19778
19816
19711
19816
19773
19814
19816
19816
19834
19778
19816
19780
19817
19827
19827
19835
19832
19832
19840
19840
19843
19842
19842
19842
19842
19842
19842
19845
19845
19846
19799
19827
19832
19832
19840
19834
19834
19842
19842
19845
19809
19832
19834
19834
19842
19814
19834
19816
-1
-1
-1
-1
-1
-1
-1
-1
-1
-1
-1
-1
-1
-1
-1
-1
-1
-1
-1
9
9
9
9
9
9
9
9
8
8
8
8
8
8
8
8
8
8
8
8
8
8
7
7
7
7
7
7
7
7
7
7
7
7
6
6
6
6
6
6
6
6
6
6
6
6
6
6
6
6
6
6
6
6
6
6
5
5
5
5
5
5
5
5
5
5
5
5
5
5
5
4
4
4
4
4
4
4
4
4
4
4
4
4
4
4
4
4
4
4
3
3
3
3
3
3
3
3
3
3
3
3
2
2
2
2
2
2
1
1
0
-1
-1
-1
-1
-1
-1
-1
-1
-1
-1
9
9
9
9
9
9
9
9
9
8
8
8
8
8
8
8
9
7
7
7
7
7
7
7
7
7
7
7
7
8
7
6
6
6
6
7
6
6
6
6
6
7
6
5
5
5
5
5
5
5
5
5
5
5
6
6
5
5
5
5
5
6
5
5
5
4
4
4
4
4
4
4
5
5
5
4
4
5
4
4
4
4
3
3
4
3
3
3
4
4
3
4
4
4
4
4
4
3
4
3
3
2
2
2
3
3
3
3
3
2
3
2
1
2
2
2
2
1
1
-1
-1
-1
-1
-1
9
9
9
9
9
8
8
8
8
8
8
8
8
8
7
7
7
7
7
7
7
8
6
6
6
6
6
6
6
6
6
6
6
6
7
6
5
5
5
5
6
5
5
5
5
5
6
5
5
4
4
5
5
4
4
4
4
4
5
5
5
4
4
4
4
4
5
4
4
4
4
3
3
4
4
4
4
4
4
4
3
3
4
3
3
3
3
3
2
4
3
3
3
3
3
2
4
3
3
4
3
3
2
4
3
3
2
2
2
2
2
3
2
2
1
3
2
1
2
1
1
2
-1
-1
-1
-1
-1
9
9
9
9
9
8
8
8
8
8
8
8
8
8
7
7
7
7
7
7
7
8
6
6
6
6
6
6
6
6
6
6
6
6
7
6
5
5
5
5
6
5
5
5
5
5
6
5
4
4
4
4
4
4
4
4
4
4
4
5
5
4
4
4
4
4
5
4
4
4
3
3
3
3
3
3
3
4
4
4
3
3
4
3
3
3
3
2
2
3
2
2
2
3
3
2
3
3
3
4
3
3
2
4
2
2
1
1
1
2
2
2
2
2
1
3
1
0
1
1
1
2
-1
-1
-1
-1
-1
9
9
9
9
9
8
8
8
8
8
8
8
8
9
7
7
7
7
7
7
8
9
6
6
6
6
6
6
6
7
6
6
6
7
8
6
5
5
5
5
7
6
6
5
6
6
7
5
5
5
5
5
5
5
5
4
4
4
5
6
6
5
5
5
5
5
6
5
4
5
4
4
3
4
4
4
4
5
5
5
4
4
5
4
4
4
4
3
3
4
3
3
3
4
4
3
4
4
4
4
4
4
3
4
3
3
2
2
2
3
3
3
3
3
2
3
2
1
2
2
2
2
-1
-1
9
9
9
8
8
8
8
8
7
7
7
7
7
7
7
7
7
6
6
6
6
6
6
6
7
5
5
5
5
5
5
5
5
5
5
5
5
6
5
4
4
4
4
5
4
4
4
4
4
5
4
4
3
3
4
4
3
3
3
3
3
4
4
4
3
3
3
3
3
4
3
3
3
3
2
2
3
3
3
3
3
3
3
2
2
3
2
2
2
2
2
1
3
2
2
2
2
2
1
3
2
2
3
2
2
1
3
2
2
2
1
1
1
1
2
1
1
0
2
-1
-1
9
9
9
8
8
8
8
8
7
7
7
7
7
7
7
7
7
6
6
6
6
6
6
6
7
5
5
5
5
5
5
5
5
5
5
5
5
6
5
4
4
4
4
5
4
4
4
4
4
5
4
4
3
3
4
4
3
3
3
3
3
4
4
4
3
3
3
3
3
4
3
3
3
3
2
2
3
3
3
3
3
3
3
2
2
3
2
2
2
2
2
1
3
2
2
2
2
2
1
3
2
2
3
2
2
1
3
2
2
1
1
1
1
1
2
1
1
0
2
-1
-1
9
9
9
8
8
8
8
8
7
7
7
7
7
7
7
7
8
6
6
6
6
6
6
7
8
5
5
5
5
5
5
5
6
5
5
5
6
7
5
4
4
4
4
6
5
5
4
5
5
6
4
4
4
4
4
4
4
4
3
3
3
5
5
5
4
4
4
4
4
5
4
3
4
3
3
2
4
4
4
3
4
4
4
3
3
4
3
3
3
3
2
2
4
3
3
3
3
3
2
4
3
3
4
3
3
2
4
2
3
2
2
2
2
2
3
2
2
1
3
-1
-1
9
9
9
8
8
8
8
8
7
7
7
7
7
7
7
7
8
6
6
6
6
6
6
7
8
5
5
5
5
5
5
5
6
5
5
5
6
7
5
4
4
4
4
6
5
5
4
5
5
6
4
4
4
4
4
4
4
4
3
3
3
4
5
5
4
4
4
4
4
5
4
3
4
3
3
2
3
3
3
3
4
4
4
3
3
4
3
3
3
3
2
2
3
2
2
2
3
3
2
3
3
3
4
3
3
2
4
2
2
1
1
1
2
2
2
2
2
1
3
-1
-1
9
9
9
8
8
8
8
9
7
7
7
7
7
7
8
8
9
6
6
7
7
7
7
8
9
6
6
6
5
5
6
6
7
6
6
6
7
8
6
5
5
5
5
7
6
6
5
6
6
7
5
5
5
5
5
5
5
5
4
4
4
5
6
6
5
5
5
5
5
6
5
4
5
4
4
3
4
4
4
4
5
5
5
4
4
5
4
4
4
4
3
3
4
3
3
3
4
4
3
4
4
4
4
4
4
3
4
3
3
2
2
2
3
3
3
3
3
2
3
-1
9
8
8
8
7
7
7
7
7
6
6
6
6
6
6
6
6
7
5
5
5
5
5
5
6
7
5
4
4
4
4
5
5
5
4
4
4
5
6
4
4
3
4
4
5
4
4
3
4
4
5
3
4
3
3
4
4
3
3
3
3
3
4
4
4
3
3
3
3
3
4
3
2
3
3
2
2
3
3
3
2
3
3
3
2
2
3
2
2
2
2
2
1
3
2
2
2
2
2
1
3
2
2
3
2
2
1
3
-1
9
8
8
8
7
7
7
7
7
6
6
6
6
6
6
6
6
7
5
5
5
5
5
5
6
7
4
4
4
4
4
4
4
5
4
4
4
5
6
4
3
3
3
3
5
4
4
3
4
4
5
3
3
3
3
3
3
3
3
2
2
2
4
4
4
3
3
3
3
3
4
3
2
3
2
2
1
3
3
3
2
3
3
3
2
2
3
2
2
2
2
1
1
3
2
2
2
2
2
1
3
2
2
3
2
2
1
3
-1
9
8
8
8
7
7
7
7
7
6
6
6
6
6
6
6
6
7
5
5
5
5
5
5
6
7
5
4
4
4
4
5
5
5
4
4
4
5
6
4
4
3
4
4
5
4
4
3
5
4
5
3
4
3
3
4
4
4
4
3
3
3
4
4
4
4
3
4
4
3
4
3
2
4
3
3
2
3
4
3
2
3
4
3
3
2
4
2
3
3
3
2
2
3
3
2
2
3
2
2
3
2
3
3
2
3
2
4
-1
9
8
8
8
7
7
7
7
7
6
6
6
6
6
6
6
6
7
5
5
5
5
5
5
6
7
5
4
4
4
4
5
5
5
4
4
4
5
6
4
4
3
4
4
5
4
4
3
5
4
5
3
4
3
3
4
4
4
4
3
3
3
4
4
4
4
3
4
4
3
4
3
2
4
3
3
2
3
3
3
2
3
4
3
3
2
4
2
3
3
3
2
2
3
2
2
2
3
2
2
3
2
3
3
2
3
2
4
-1
9
8
8
8
7
7
7
7
7
6
6
6
6
6
6
6
6
7
5
5
5
5
5
5
6
7
4
4
4
4
4
4
4
5
4
4
4
5
6
4
3
3
3
3
5
4
4
3
4
4
5
3
3
3
3
3
3
3
3
2
2
2
4
4
4
4
3
3
3
3
4
3
2
4
2
2
1
3
3
3
2
3
3
3
2
2
4
2
3
2
2
1
1
3
2
2
2
2
2
1
3
2
3
3
2
3
2
4
-1
9
8
8
8
7
7
7
7
8
6
6
6
6
6
6
7
7
8
5
5
6
6
6
6
7
8
5
5
5
4
4
5
5
6
5
5
5
6
7
5
4
4
4
4
6
5
5
4
5
5
6
4
4
4
4
4
4
4
4
3
3
3
5
5
5
4
4
4
4
4
5
4
3
4
3
3
2
4
4
4
3
4
4
4
3
3
4
3
3
3
3
2
2
4
3
3
3
3
3
2
4
3
3
4
3
3
2
4
-1
9
8
8
8
7
7
7
7
8
6
6
6
6
6
6
7
7
8
5
5
6
6
6
6
7
8
5
5
5
4
4
5
5
6
5
5
5
6
7
5
4
4
4
4
6
5
5
4
5
5
6
4
4
4
4
4
4
4
4
3
3
3
4
5
5
4
4
4
4
4
5
4
3
4
3
3
2
3
3
3
3
4
4
4
3
3
4
3
3
3
3
2
2
3
2
2
2
3
3
2
3
3
3
4
3
3
2
4
-1
9
8
8
9
7
7
8
8
9
7
7
7
7
7
7
8
8
9
6
6
7
7
7
7
8
9
6
6
6
5
5
6
6
7
6
6
6
7
8
6
5
5
5
5
7
6
6
5
6
6
7
5
5
5
5
5
5
5
5
4
4
4
5
6
6
5
5
5
5
5
6
5
4
5
4
4
3
4
4
4
4
5
5
5
4
4
5
4
4
4
4
3
3
4
3
3
3
4
4
3
4
4
4
4
4
4
3
4
9
8
7
7
7
6
6
6
6
6
5
5
5
5
5
5
5
5
6
4
4
4
4
4
4
5
6
4
3
3
3
3
4
4
4
3
3
3
4
5
3
3
2
3
3
4
3
3
2
4
3
4
2
3
2
2
3
3
3
3
2
2
2
3
3
3
3
2
3
3
2
3
2
1
3
2
2
1
2
3
2
1
2
3
2
2
1
3
1
2
9
8
7
7
7
6
6
6
6
6
5
5
5
5
5
5
5
5
6
4
4
4
4
4
4
5
6
3
3
3
3
3
3
3
4
3
3
3
4
5
3
2
2
2
2
4
3
3
2
3
3
4
2
2
2
2
2
2
2
2
1
1
1
3
3
3
3
2
2
2
2
3
2
1
3
1
1
0
2
2
2
1
2
2
2
1
1
3
1
2
9
8
7
7
7
6
6
6
6
7
5
5
5
5
5
5
6
6
7
4
4
5
5
5
5
6
7
4
4
4
3
3
4
4
5
4
4
4
5
6
4
3
3
3
3
5
4
4
3
4
4
5
3
3
3
3
3
3
3
3
2
2
2
4
4
4
3
3
3
3
3
4
3
2
3
2
2
1
3
3
3
2
3
3
3
2
2
3
2
2
9
8
7
7
7
6
6
6
6
7
5
5
5
5
5
5
6
6
7
4
4
5
5
5
5
6
7
4
4
4
3
3
5
5
5
4
4
4
5
6
4
3
3
4
4
5
4
4
3
5
4
5
3
3
3
3
4
4
4
4
3
3
3
4
4
4
4
3
4
4
3
4
3
2
4
3
3
2
3
4
3
2
3
4
3
3
2
4
2
3
9
8
7
7
7
6
6
6
6
7
5
5
5
5
5
5
6
6
7
4
4
5
5
5
5
6
7
4
4
4
3
3
5
5
5
4
4
4
5
6
4
3
3
4
4
5
4
4
3
5
4
5
3
3
3
3
4
4
4
4
3
3
3
4
4
4
4
3
4
4
3
4
3
2
4
3
3
2
3
3
3
2
3
4
3
3
2
4
2
3
9
8
7
7
7
6
6
6
6
7
5
5
5
5
5
5
6
6
7
4
4
5
5
5
5
6
7
4
4
4
3
3
4
4
5
4
4
4
5
6
4
3
3
3
3
5
4
4
3
4
4
5
3
3
3
3
3
3
3
3
2
2
2
4
4
4
4
3
3
3
3
4
3
2
4
2
2
1
3
3
3
2
3
3
3
2
2
4
2
3
9
8
7
7
8
6
6
7
7
8
6
6
6
6
6
6
7
7
8
5
5
6
6
6
6
7
8
5
5
5
4
4
5
5
6
5
5
5
6
7
5
4
4
4
4
6
5
5
4
5
5
6
4
4
4
4
4
4
4
4
3
3
3
4
5
5
4
4
4
4
4
5
4
3
4
3
3
2
3
3
3
3
4
4
4
3
3
4
3
3
9
9
8
8
9
7
7
8
8
9
7
7
7
7
7
7
8
8
9
6
6
7
7
7
7
8
9
6
6
6
5
5
6
6
7
6
6
6
7
8
6
5
5
5
5
7
6
6
5
6
6
7
5
5
5
5
5
5
5
5
4
4
4
5
6
6
5
5
5
5
5
6
5
4
5
4
4
3
4
4
4
4
5
5
5
4
4
5
4
4
8
7
6
6
6
5
5
5
5
6
5
4
5
5
4
4
5
5
6
4
3
4
4
4
4
5
6
4
3
3
3
3
4
4
4
3
3
3
4
5
3
3
2
3
3
4
3
3
2
4
3
4
2
3
2
2
3
3
3
3
2
2
2
3
3
3
3
2
3
3
2
3
2
1
3
8
7
6
6
6
5
5
5
5
6
4
4
4
4
4
4
5
5
6
3
3
4
4
4
4
5
6
3
3
3
2
2
3
3
4
3
3
3
4
5
3
2
2
2
2
4
3
3
2
3
3
4
2
2
2
2
2
2
2
2
1
1
1
3
3
3
3
2
2
2
2
3
2
1
3
8
7
6
6
6
5
5
5
5
6
4
4
4
4
4
4
5
5
6
3
3
4
4
4
4
5
6
3
3
3
2
2
4
4
4
3
3
3
4
5
3
2
2
3
3
4
3
3
2
4
3
4
2
2
2
2
3
3
3
3
2
2
2
3
3
3
3
2
3
3
2
3
2
1
3
8
7
6
6
6
5
5
5
5
5
4
4
4
4
4
4
4
4
5
3
3
3
3
3
3
4
5
3
2
2
2
2
3
3
3
2
2
2
3
4
2
2
1
2
2
3
2
2
1
3
2
3
1
2
1
1
2
2
2
2
2
1
1
2
2
2
2
1
2
2
1
2
1
0
2
8
7
6
6
6
5
5
5
5
5
4
4
4
4
4
4
4
4
5
3
3
3
3
3
3
4
5
3
2
2
2
2
3
3
3
2
2
2
3
4
2
2
1
2
2
3
2
2
1
3
2
3
1
2
1
1
2
2
2
2
1
1
1
2
2
2
2
1
2
2
1
2
1
0
2
8
7
6
6
6
5
5
5
5
6
5
4
5
5
4
4
5
5
6
4
3
4
5
5
4
5
6
4
3
4
3
3
5
4
4
4
4
3
4
5
4
3
3
4
3
4
4
3
3
4
4
4
3
3
3
3
4
3
3
4
3
3
3
4
4
3
3
3
4
3
3
4
3
2
4
8
7
6
6
6
5
5
5
5
6
5
4
5
5
4
4
5
5
6
4
3
4
5
5
4
5
6
4
3
4
3
3
4
4
4
4
4
3
4
5
4
3
3
3
3
4
4
3
3
4
4
4
3
3
3
3
3
3
3
3
2
2
2
4
4
3
3
3
3
3
3
4
3
2
4
8
7
6
6
7
5
5
6
6
7
5
5
5
5
5
5
6
6
7
4
4
5
5
5
5
6
7
4
4
4
3
3
4
4
5
4
4
4
5
6
4
3
3
3
3
5
4
4
3
4
4
5
3
3
3
3
3
3
3
3
2
2
2
4
4
4
3
3
3
3
3
4
3
2
3
8
7
6
6
6
5
5
5
5
6
4
4
4
4
4
4
5
5
6
3
3
4
4
4
4
5
6
3
3
3
2
2
4
4
4
4
3
3
4
5
4
2
2
3
3
4
3
3
2
4
4
4
3
2
2
2
3
3
3
3
2
2
2
4
3
3
3
2
3
3
3
4
3
2
3
8
7
6
6
7
5
5
6
6
7
5
5
5
5
5
5
6
6
7
4
4
5
5
5
5
6
7
4
4
4
3
3
4
4
5
4
4
4
5
6
4
3
3
3
3
5
4
4
3
4
4
5
3
3
3
3
3
3
3
3
2
2
2
4
4
4
4
3
3
3
3
4
3
2
4
8
8
7
7
8
6
6
7
7
8
6
6
6
6
6
6
7
7
8
5
5
6
6
6
6
7
8
5
5
5
4
4
5
5
6
5
5
5
6
7
5
4
4
4
4
6
5
5
4
5
5
6
4
4
4
4
4
4
4
4
3
3
3
4
5
5
4
4
4
4
4
5
4
3
4
8
7
6
6
6
5
5
5
5
6
4
4
4
4
4
4
5
5
6
3
3
4
4
4
4
5
6
3
3
3
2
2
4
4
4
4
3
3
4
5
4
2
2
3
3
4
3
3
2
4
4
4
3
2
2
2
3
3
3
3
2
2
2
4
3
3
3
2
3
3
3
4
3
2
4
7
6
5
5
5
4
4
4
4
5
4
3
4
4
3
3
4
4
5
3
2
3
3
3
3
4
5
3
2
2
2
2
3
3
3
2
2
2
3
4
2
2
1
2
2
3
2
2
1
3
2
3
1
7
6
5
5
5
4
4
4
4
5
3
3
3
3
3
3
4
4
5
2
2
3
3
3
3
4
5
2
2
2
1
1
3
3
3
2
2
2
3
4
2
1
1
2
2
3
2
2
1
3
2
3
1
7
6
5
5
5
4
4
4
4
5
4
3
4
4
3
3
4
4
5
3
2
3
4
4
3
4
5
3
2
3
2
2
4
3
3
3
3
2
3
4
3
2
2
3
2
3
3
2
2
3
3
3
2
7
6
5
5
5
4
4
4
4
5
4
3
4
4
3
3
4
4
5
3
2
3
4
4
3
4
5
3
2
3
2
2
3
3
3
3
3
2
3
4
3
2
2
2
2
3
3
2
2
3
3
3
2
7
7
6
6
7
5
5
6
6
7
5
5
5
5
5
5
6
6
7
4
4
5
5
5
5
6
7
4
4
4
3
3
4
4
5
4
4
4
5
6
4
3
3
3
3
5
4
4
3
4
4
5
3
7
6
5
5
6
4
4
5
5
6
4
4
4
4
4
4
5
5
6
3
3
4
4
4
4
5
6
3
3
3
2
2
4
4
4
3
3
3
4
5
3
2
2
3
3
4
3
3
2
4
3
4
2
7
6
5
5
6
4
4
5
5
6
4
4
4
4
4
4
5
5
6
3
3
4
4
4
4
5
6
3
3
3
2
2
3
3
4
3
3
3
4
5
3
2
2
2
2
4
3
3
2
3
3
4
2
7
6
5
5
6
4
4
5
5
6
4
4
5
5
4
4
5
5
6
4
3
4
5
5
4
5
6
4
3
4
3
3
4
4
4
4
4
3
4
5
4
3
3
3
3
4
4
3
3
4
4
4
3
7
6
5
5
6
4
4
5
5
6
4
4
4
4
4
4
5
5
6
3
3
4
4
4
4
5
6
3
3
3
2
2
4
4
4
4
3
3
4
5
4
2
2
3
3
4
3
3
2
4
4
4
3
7
6
5
5
5
4
4
4
4
5
3
3
3
3
3
3
4
4
5
2
2
3
3
3
3
4
5
2
2
2
1
1
3
3
3
3
2
2
3
4
3
1
1
2
2
3
2
2
1
3
3
3
2
6
5
5
4
5
4
4
4
4
5
4
3
4
4
3
3
4
4
5
3
2
3
3
3
3
4
5
3
2
2
2
2
3
3
3
2
2
2
3
4
2
6
5
4
4
5
3
3
4
4
5
3
3
3
3
3
3
4
4
5
2
2
3
3
3
3
4
5
2
2
2
1
1
3
3
3
2
2
2
3
4
2
6
5
5
4
5
4
4
4
4
5
4
3
4
4
3
3
4
4
5
3
2
3
4
4
3
4
5
3
2
3
2
2
4
3
3
3
3
2
3
4
3
6
5
5
4
5
4
4
4
4
5
4
3
4
4
3
3
4
4
5
3
2
3
4
4
3
4
5
3
2
3
2
2
3
3
3
3
3
2
3
4
3
6
5
4
4
5
3
3
4
4
5
3
3
4
4
3
3
4
4
5
3
2
3
4
4
3
4
5
3
2
3
2
2
3
3
3
3
3
2
3
4
3
6
5
4
4
5
3
3
4
4
5
3
3
4
4
3
3
4
4
5
3
2
3
4
4
3
4
5
3
2
3
2
2
4
3
3
3
3
2
3
4
3
6
5
4
4
4
3
3
3
3
4
3
2
3
3
2
2
3
3
4
2
1
2
3
3
2
3
4
2
1
2
2
1
3
2
2
2
2
1
2
3
2
6
5
4
4
4
3
3
3
3
4
3
2
3
3
2
2
3
3
4
2
1
2
3
3
2
3
4
2
1
2
1
1
3
2
2
2
2
1
2
3
2
6
5
5
4
5
4
4
5
4
5
4
4
4
4
4
4
5
4
5
3
3
4
4
4
4
4
5
3
3
3
2
2
4
4
4
4
3
3
4
4
4
6
6
5
5
6
4
4
5
5
6
4
4
4
4
4
4
5
5
6
3
3
4
4
4
4
5
6
3
3
3
2
2
4
4
4
3
3
3
4
5
3
6
6
5
5
6
4
4
5
5
6
4
4
4
4
4
4
5
5
6
3
3
4
4
4
4
5
6
3
3
3
2
2
3
3
4
3
3
3
4
5
3
6
5
4
4
5
3
3
4
4
5
3
3
4
4
3
4
4
4
5
3
3
3
4
4
4
4
5
3
3
3
2
2
3
3
3
3
3
3
4
4
3
6
5
4
4
5
3
3
4
4
5
3
3
3
3
3
3
4
4
5
2
2
3
3
3
3
4
5
2
2
2
1
1
3
3
3
3
2
2
3
4
3
6
6
5
5
6
4
4
5
5
6
4
4
4
4
4
4
5
5
6
3
3
4
4
4
4
5
6
3
3
3
2
2
4
4
4
4
3
3
4
5
4
6
5
4
4
4
3
3
3
3
4
2
2
2
2
2
2
3
3
4
1
1
2
2
2
2
3
4
1
1
1
0
0
2
2
2
2
1
1
2
3
2
6
5
4
4
5
3
3
4
4
5
3
3
4
4
3
4
4
4
5
3
3
3
4
4
4
4
5
3
3
3
2
2
4
4
3
3
3
3
4
4
4
5
4
4
3
4
3
3
3
3
4
3
2
3
3
2
2
3
3
4
2
1
2
3
3
2
3
4
5
4
3
3
4
2
2
3
3
4
2
2
3
3
2
2
3
3
4
2
1
2
3
3
2
3
4
5
4
3
3
3
2
2
2
2
3
2
1
2
2
1
1
2
2
3
1
0
1
2
2
1
2
3
5
4
4
3
4
3
3
4
3
4
3
3
3
3
3
3
4
3
4
2
2
3
3
3
3
3
4
5
4
4
3
4
3
3
4
3
4
3
3
4
3
3
3
4
3
4
3
2
3
4
3
3
3
4
5
4
4
3
4
3
3
3
3
4
2
2
2
2
2
2
3
3
4
1
1
2
2
2
2
3
4
5
5
4
4
5
3
3
4
4
5
3
3
3
3
3
3
4
4
5
2
2
3
3
3
3
4
5
5
5
4
4
5
3
3
4
4
5
3
3
4
4
3
3
4
4
5
3
2
3
4
4
3
4
5
5
4
3
3
4
2
2
3
3
4
2
2
2
2
2
2
3
3
4
1
1
2
2
2
2
3
4
5
5
4
4
5
3
3
4
4
5
3
3
4
4
3
4
4
4
5
3
3
3
4
4
4
4
5
5
4
3
3
4
2
2
3
3
4
2
2
3
3
2
3
3
3
4
2
2
2
3
3
3
3
4
4
4
3
3
4
2
2
3
3
4
2
2
3
3
2
2
3
3
4
4
3
3
2
3
2
2
2
2
3
2
1
2
2
1
1
2
2
3
4
3
2
2
3
1
1
2
2
3
1
1
2
2
1
1
2
2
3
4
4
4
3
4
3
3
4
3
4
3
3
3
3
3
3
4
3
4
4
3
3
2
3
2
2
3
2
3
2
2
3
2
2
2
3
2
3
4
3
3
2
3
2
2
3
2
3
2
2
2
2
2
2
3
2
3
4
4
3
3
4
2
2
3
3
4
2
2
2
2
2
2
3
3
4
4
4
3
3
4
2
2
3
3
4
2
2
3
3
2
3
3
3
4
4
4
4
4
4
3
3
4
4
4
3
3
3
3
3
3
4
4
4
4
3
2
2
3
1
1
2
2
3
1
1
2
2
1
2
2
2
3
4
4
4
4
4
3
3
4
4
4
3
3
4
4
3
4
4
4
4
3
3
3
2
3
2
2
2
2
3
3
3
3
2
3
2
2
3
2
3
3
2
2
1
2
2
1
2
1
2
3
2
2
1
2
1
1
2
1
2
3
3
2
2
3
1
1
2
2
3
3
2
1
1
2
0
0
1
1
2
3
3
3
3
3
2
2
3
3
3
2
2
2
1
2
2
1
1
0
1
2
2
1
1
2
2
2
2
2
2
1
1
0
9
8
7
7
8
6
6
7
7
8
6
6
6
6
6
6
7
7
8
5
5
6
6
6
6
7
8
5
5
5
4
4
5
5
6
5
5
5
6
7
5
4
4
4
4
6
5
5
4
5
5
6
4
4
4
4
4
4
4
4
3
3
3
5
5
5
4
4
4
4
4
5
4
3
4
3
3
2
4
4
4
3
4
4
4
3
3
4
3
3
8
7
6
6
7
5
5
6
6
7
5
5
5
5
5
5
6
6
7
4
4
5
5
5
5
6
7
4
4
4
3
3
5
5
5
4
4
4
5
6
4
3
3
4
4
5
4
4
3
5
4
5
3
3
3
3
4
4
4
4
3
3
3
4
4
4
4
3
4
4
3
4
3
2
4
9
9
8
8
9
7
7
8
8
9
7
7
7
7
7
7
8
8
9
6
6
7
7
7
7
8
9
6
6
6
5
5
6
6
7
6
6
6
7
8
6
5
5
5
5
7
6
6
5
6
6
7
5
5
5
5
5
5
5
5
4
4
4
5
6
6
5
5
5
5
5
6
5
4
5
7
6
5
5
6
4
4
5
5
6
4
4
5
5
4
4
5
5
6
4
3
4
5
5
4
5
6
4
3
4
3
3
5
4
4
4
4
3
4
5
4
3
3
4
3
4
4
3
3
4
4
4
3
8
8
7
7
8
6
6
7
7
8
6
6
6
6
6
6
7
7
8
5
5
6
6
6
6
7
8
5
5
5
4
4
5
5
6
5
5
5
6
7
5
4
4
4
4
6
5
5
4
5
5
6
4
7
7
6
6
7
5
5
6
6
7
5
5
5
5
5
5
6
6
7
4
4
5
5
5
5
6
7
4
4
4
3
3
4
4
5
4
4
4
5
6
4
6
6
5
5
6
4
4
5
5
6
4
4
5
5
4
4
5
5
6
4
3
4
5
5
4
5
6
4
3
4
3
3
4
4
4
4
4
3
4
5
4
5
5
5
4
5
4
4
5
4
5
4
4
4
4
4
4
5
4
5
3
3
4
4
4
4
4
5
6
6
5
5
6
4
4
5
5
6
4
4
4
4
4
4
5
5
6
3
3
4
4
4
4
5
6
4
4
4
3
4
3
3
4
3
4
3
3
4
3
3
3
4
3
4
5
5
4
4
5
3
3
4
4
5
3
3
3
3
3
3
4
4
5
5
5
4
4
5
3
3
4
4
5
3
3
4
4
3
3
4
4
5
5
5
4
4
5
3
3
4
4
5
3
3
4
4
3
4
4
4
5
4
4
3
3
4
2
2
3
3
4
4
4
4
3
4
3
3
4
3
4
4
4
4
4
4
3
3
4
4
4
3
3
2
2
3
3
3
3
2
3
3
3
3
3
3
2
2
1
8
8
7
7
8
6
6
7
7
8
6
6
6
6
6
6
7
7
8
5
5
6
6
6
6
7
8
5
5
5
4
4
5
5
6
5
5
5
6
7
5
4
4
4
4
6
5
5
4
5
5
6
4
4
4
4
4
4
4
4
3
3
3
5
5
5
4
4
4
4
4
5
4
3
4
6
5
5
4
5
4
4
5
4
5
4
4
5
4
4
4
5
4
5
4
3
4
5
4
4
4
5
4
3
4
3
3
5
4
4
4
4
3
4
4
4
6
5
4
4
5
3
3
4
4
5
3
3
4
4
3
4
4
4
5
3
3
3
4
4
4
4
5
3
3
3
2
2
4
4
3
3
3
3
4
4
3
5
4
4
3
4
3
3
3
3
4
3
2
3
3
2
2
3
3
4
5
4
4
3
4
3
3
4
3
4
3
3
4
3
3
3
4
3
4
5
4
4
3
4
3
3
4
3
4
3
3
3
3
3
3
4
3
4
4
3
3
2
3
2
2
3
2
3
4
3
2
2
3
1
1
2
2
3
3
2
2
1
2
4
4
3
3
4
4
4
4
4
4
3
2
3
3
2
7
7
6
6
7
5
5
6
6
7
5
5
5
5
5
5
6
6
7
4
4
5
5
5
5
6
7
4
4
4
3
3
5
5
5
4
4
4
5
6
4
3
3
4
4
5
4
4
3
5
4
5
3
9
9
8
8
9
7
7
8
8
9
7
7
7
7
7
7
8
8
9
6
6
7
7
7
7
8
9
6
6
6
5
5
6
6
7
6
6
6
7
8
6
5
5
5
5
7
6
6
5
6
6
7
5
6
6
5
5
6
4
4
5
5
6
4
4
5
5
4
4
5
5
6
4
3
4
5
5
4
5
6
4
3
4
3
3
5
4
4
4
4
3
4
5
4
8
8
7
7
8
6
6
7
7
8
6
6
6
6
6
6
7
7
8
5
5
6
6
6
6
7
8
5
5
5
4
4
5
5
6
5
5
5
6
7
5
7
7
6
6
7
5
5
6
6
7
5
5
5
5
5
5
6
6
7
4
4
5
5
5
5
6
7
6
6
5
5
6
4
4
5
5
6
4
4
5
5
4
4
5
5
6
4
3
4
5
5
4
5
6
5
5
5
4
5
4
4
5
4
5
4
4
4
4
4
4
5
4
5
6
6
5
5
6
4
4
5
5
6
4
4
4
4
4
4
5
5
6
5
5
4
4
5
3
3
4
4
5
4
4
4
3
4
4
3
3
2
3
2
2
2
2
3
3
2
1
1
2
2
1
5
5
5
4
5
4
4
5
4
5
4
4
5
4
4
4
5
4
5
4
3
4
5
4
4
4
5
4
4
3
7
7
6
6
7
5
5
6
6
7
5
5
5
5
5
5
6
6
7
4
4
5
5
5
5
6
7
4
4
4
3
3
5
5
5
4
4
4
5
6
4
9
9
8
8
9
7
7
8
8
9
7
7
7
7
7
7
8
8
9
6
6
7
7
7
7
8
9
6
6
6
5
5
6
6
7
6
6
6
7
8
6
8
8
7
7
8
6
6
7
7
8
6
6
6
6
6
6
7
7
8
5
5
6
6
6
6
7
8
7
7
6
6
7
5
5
6
6
7
5
5
5
5
5
5
6
6
7
6
6
5
5
6
4
4
5
5
6
4
4
5
5
4
4
5
5
6
5
5
5
4
5
4
4
5
4
5
6
6
5
5
6
4
4
5
5
6
5
5
4
4
5
4
3
3
2
3
5
5
5
4
5
4
4
5
4
5
4
4
5
4
4
4
5
4
5
4
4
4
4
4
3
3
4
4
4
3
3
4
4
3
3
4
4
4
4
9
9
8
8
9
7
7
8
8
9
7
7
7
7
7
7
8
8
9
6
6
7
7
7
7
8
9
8
8
7
7
8
6
6
7
7
8
6
6
6
6
6
6
7
7
8
7
7
6
6
7
5
5
6
6
7
5
5
5
4
5
6
6
5
5
6
5
5
9
9
8
8
9
7
7
8
8
9
7
7
7
7
7
7
8
8
9
8
8
7
7
8
6
6
7
7
8
7
7
6
6
7
6
6
5
9
9
8
8
9
7
7
8
8
9
8
8
7
7
8
7
7
6
9
9
8
8
9
8
8
7
9
9
8
9
