0
2
1
74
9
0
0
0
0
3
81
0
21
0
0
0
2
0
0
0
51
6
93
0
0
35
0
0
0
9
0
0
0
57
72
6
107
0
0
0
0
0
0
0
21
0
0
0
0
0
72
5
123
0
0
0
57
5
130
0
0
0
0
0
0
0
0
51
0
0
0
72
5
145
4
429
81
0
0
0
2
8
436
152
93
0
0
9
74
0
0
0
123
14
448
164
0
107
0
21
0
81
0
0
0
130
145
14
462
178
0
0
0
35
0
0
93
0
0
0
0
0
145
14
478
194
0
0
130
51
14
485
206
0
0
0
57
0
0
0
123
0
0
0
145
14
500
221
0
0
0
72
15
507
0
164
0
0
0
81
0
0
0
194
20
519
0
233
178
0
0
93
152
0
0
263
206
221
20
533
0
247
0
0
0
107
0
164
0
322
0
0
0
221
20
549
0
263
0
206
0
123
0
0
0
370
20
561
0
277
0
0
0
130
0
0
194
376
0
0
221
20
576
0
292
0
0
0
145
0
0
0
391
31
588
0
0
247
0
0
0
164
0
0
0
277
292
31
602
0
0
306
0
0
0
178
233
0
0
338
354
0
292
31
618
0
0
322
277
0
0
194
0
0
0
376
391
31
632
0
0
338
0
0
0
206
0
263
0
397
412
292
31
647
0
0
354
0
0
0
221
0
0
0
412
427
31
661
0
0
0
0
0
0
0
247
0
0
0
0
0
354
31
677
0
0
0
338
0
0
0
263
0
0
0
0
0
391
31
693
0
0
0
0
0
0
0
277
322
0
0
0
354
412
31
709
0
0
0
0
0
0
0
292
0
0
0
0
0
427
30
725
0
0
0
376
30
732
0
0
0
397
0
0
0
0
370
0
0
0
391
30
747
0
0
0
412
30
754
0
0
0
0
0
0
0
0
376
0
0
0
412
30
769
0
0
0
0
0
0
0
0
391
0
0
0
427
30
784
9
1584
436
0
0
0
74
17
1591
507
448
0
0
81
429
0
0
0
478
21
1603
519
0
462
0
93
0
436
0
0
0
485
500
21
1617
533
0
0
0
107
0
0
448
0
0
0
0
0
500
21
1633
549
0
0
485
123
21
1640
561
0
0
0
130
0
0
0
478
0
0
0
500
21
1655
576
0
0
0
145
24
1662
791
519
0
0
152
436
0
0
0
549
37
1674
803
588
533
0
164
448
507
0
0
618
561
576
37
1688
817
602
0
0
178
462
0
519
0
677
0
0
0
576
37
1704
833
618
0
561
194
478
0
0
0
725
37
1716
845
632
0
0
206
485
0
0
549
732
0
0
576
37
1731
860
647
0
0
221
500
0
0
0
747
48
1743
872
0
602
0
233
0
519
0
0
0
632
647
48
1757
886
0
661
0
247
0
533
588
0
0
693
709
0
647
48
1773
902
0
677
632
263
0
549
0
0
0
732
747
48
1787
916
0
693
0
277
0
561
0
618
0
754
769
647
48
1802
931
0
709
0
292
0
576
0
0
0
769
784
48
1816
945
0
0
0
306
0
0
602
0
0
0
0
0
709
48
1832
961
0
0
693
322
0
0
618
0
0
0
0
0
747
48
1848
977
0
0
0
338
0
0
632
677
0
0
0
709
769
48
1864
993
0
0
0
354
0
0
647
0
0
0
0
0
784
48
1880
1009
0
0
732
370
48
1887
1021
0
0
754
376
0
0
0
725
0
0
0
747
48
1902
1036
0
0
769
391
48
1909
1048
0
0
0
397
0
0
0
732
0
0
0
769
48
1924
1063
0
0
0
412
0
0
0
747
0
0
0
784
48
1939
1078
0
0
0
427
40
1946
0
803
0
0
0
507
0
0
0
833
52
1958
0
872
817
0
0
519
791
0
0
902
845
860
52
1972
0
886
0
0
0
533
0
803
0
961
0
0
0
860
52
1988
0
902
0
845
0
549
0
0
0
1009
52
2000
0
916
0
0
0
561
0
0
833
1021
0
0
860
52
2015
0
931
0
0
0
576
0
0
0
1036
73
2027
0
1090
886
0
0
588
803
0
0
1120
916
931
73
2041
0
1104
945
0
0
602
817
872
0
1179
977
993
0
931
73
2057
0
1120
961
916
0
618
833
0
0
1227
1021
1036
73
2071
0
1134
977
0
0
632
845
0
902
1241
1048
1063
931
73
2086
0
1149
993
0
0
647
860
0
0
1256
1063
1078
73
2100
0
1163
0
0
0
661
0
886
0
1330
0
0
0
993
73
2116
0
1179
0
977
0
677
0
902
0
1378
0
0
0
1036
73
2132
0
1195
0
0
0
693
0
916
961
1394
0
0
993
1063
73
2148
0
1211
0
0
0
709
0
931
0
1410
0
0
0
1078
73
2164
0
1227
0
1021
0
725
0
0
0
1474
73
2176
0
1241
0
1048
0
732
0
0
1009
1480
0
0
1036
73
2191
0
1256
0
1063
0
747
0
0
0
1495
73
2203
0
1270
0
0
0
754
0
0
1021
1501
0
0
1063
73
2218
0
1285
0
0
0
769
0
0
1036
1516
0
0
1078
73
2233
0
1300
0
0
0
784
0
0
0
1531
77
2245
0
0
1104
0
0
0
872
0
0
0
1134
1149
77
2259
0
0
1163
0
0
0
886
1090
0
0
1195
1211
0
1149
77
2275
0
0
1179
1134
0
0
902
0
0
0
1241
1256
77
2289
0
0
1195
0
0
0
916
0
1120
0
1270
1285
1149
77
2304
0
0
1211
0
0
0
931
0
0
0
1285
1300
77
2318
0
0
1314
0
0
0
945
1104
0
0
1346
1362
0
1211
77
2334
0
0
1330
1195
0
0
961
1120
0
0
1394
1410
0
1256
77
2350
0
0
1346
0
0
0
977
1134
1179
0
1426
1442
1211
1285
77
2366
0
0
1362
0
0
0
993
1149
0
0
1442
1458
0
1300
77
2382
0
0
1378
1241
0
0
1009
0
0
0
1480
1495
77
2396
0
0
1394
1270
0
0
1021
0
1227
0
1501
1516
1256
77
2411
0
0
1410
1285
0
0
1036
0
0
0
1516
1531
77
2425
0
0
1426
0
0
0
1048
0
1241
0
1537
1552
1285
77
2440
0
0
1442
0
0
0
1063
0
1256
0
1552
1567
1300
77
2455
0
0
1458
0
0
0
1078
0
0
0
1567
1582
77
2469
0
0
0
0
0
0
0
1163
0
0
0
0
0
1362
77
2485
0
0
0
1346
0
0
0
1179
0
0
0
0
0
1410
77
2501
0
0
0
0
0
0
0
1195
1330
0
0
0
1362
1442
77
2517
0
0
0
0
0
0
0
1211
0
0
0
0
0
1458
77
2533
0
0
0
1394
0
0
0
1227
0
0
0
0
0
1495
77
2549
0
0
0
1426
0
0
0
1241
1378
0
0
0
1410
1516
77
2565
0
0
0
1442
0
0
0
1256
0
0
0
0
0
1531
77
2581
0
0
0
0
0
0
0
1270
1394
0
0
0
1442
1552
77
2597
0
0
0
0
0
0
0
1285
1410
0
0
0
1458
1567
77
2613
0
0
0
0
0
0
0
1300
0
0
0
0
0
1582
77
2629
0
0
0
1480
77
2636
0
0
0
1501
0
0
0
0
1474
0
0
0
1495
77
2651
0
0
0
1516
77
2658
0
0
0
1537
0
0
0
0
1480
0
0
0
1516
77
2673
0
0
0
1552
0
0
0
0
1495
0
0
0
1531
77
2688
0
0
0
1567
77
2695
0
0
0
0
0
0
0
0
1501
0
0
0
1552
77
2710
0
0
0
0
0
0
0
0
1516
0
0
0
1567
77
2725
0
0
0
0
0
0
0
0
1531
0
0
0
1582
77
2740
18
4326
1591
0
0
0
429
25
4333
1662
1603
0
0
436
1584
0
0
0
1633
34
4345
1674
0
1617
0
448
0
1591
0
0
0
1640
1655
34
4359
1688
0
0
0
462
0
0
1603
0
0
0
0
0
1655
34
4375
1704
0
0
1640
478
34
4382
1716
0
0
0
485
0
0
0
1633
0
0
0
1655
34
4397
1731
0
0
0
500
38
4404
1946
1674
0
0
507
1591
0
0
0
1704
47
4416
1958
1743
1688
0
519
1603
1662
0
0
1773
1716
1731
47
4430
1972
1757
0
0
533
1617
0
1674
0
1832
0
0
0
1731
47
4446
1988
1773
0
1716
549
1633
0
0
0
1880
47
4458
2000
1787
0
0
561
1640
0
0
1704
1887
0
0
1731
47
4473
2015
1802
0
0
576
1655
0
0
0
1902
67
4485
2027
0
1757
0
588
0
1674
0
0
0
1787
1802
67
4499
2041
0
1816
0
602
0
1688
1743
0
0
1848
1864
0
1802
67
4515
2057
0
1832
1787
618
0
1704
0
0
0
1887
1902
67
4529
2071
0
1848
0
632
0
1716
0
1773
0
1909
1924
1802
67
4544
2086
0
1864
0
647
0
1731
0
0
0
1924
1939
67
4558
2100
0
0
0
661
0
0
1757
0
0
0
0
0
1864
67
4574
2116
0
0
1848
677
0
0
1773
0
0
0
0
0
1902
67
4590
2132
0
0
0
693
0
0
1787
1832
0
0
0
1864
1924
67
4606
2148
0
0
0
709
0
0
1802
0
0
0
0
0
1939
67
4622
2164
0
0
1887
725
67
4629
2176
0
0
1909
732
0
0
0
1880
0
0
0
1902
67
4644
2191
0
0
1924
747
67
4651
2203
0
0
0
754
0
0
0
1887
0
0
0
1924
67
4666
2218
0
0
0
769
0
0
0
1902
0
0
0
1939
67
4681
2233
0
0
0
784
50
4688
2747
1958
0
0
791
1662
0
0
0
1988
70
4700
2759
2027
1972
0
803
1674
1946
0
0
2057
2000
2015
70
4714
2773
2041
0
0
817
1688
0
1958
0
2116
0
0
0
2015
70
4730
2789
2057
0
2000
833
1704
0
0
0
2164
70
4742
2801
2071
0
0
845
1716
0
0
1988
2176
0
0
2015
70
4757
2816
2086
0
0
860
1731
0
0
0
2191
86
4769
2828
2245
2041
0
872
1743
1958
0
0
2275
2071
2086
86
4783
2842
2259
2100
0
886
1757
1972
2027
0
2334
2132
2148
0
2086
86
4799
2858
2275
2116
2071
902
1773
1988
0
0
2382
2176
2191
86
4813
2872
2289
2132
0
916
1787
2000
0
2057
2396
2203
2218
2086
86
4828
2887
2304
2148
0
931
1802
2015
0
0
2411
2218
2233
86
4842
2901
2318
0
0
945
1816
0
2041
0
2485
0
0
0
2148
86
4858
2917
2334
0
2132
961
1832
0
2057
0
2533
0
0
0
2191
86
4874
2933
2350
0
0
977
1848
0
2071
2116
2549
0
0
2148
2218
86
4890
2949
2366
0
0
993
1864
0
2086
0
2565
0
0
0
2233
86
4906
2965
2382
0
2176
1009
1880
0
0
0
2629
86
4918
2977
2396
0
2203
1021
1887
0
0
2164
2636
0
0
2191
86
4933
2992
2411
0
2218
1036
1902
0
0
0
2651
86
4945
3004
2425
0
0
1048
1909
0
0
2176
2658
0
0
2218
86
4960
3019
2440
0
0
1063
1924
0
0
2191
2673
0
0
2233
86
4975
3034
2455
0
0
1078
1939
0
0
0
2688
100
4987
3046
0
2259
0
1090
0
2027
0
0
0
2289
2304
100
5001
3060
0
2318
0
1104
0
2041
2245
0
0
2350
2366
0
2304
100
5017
3076
0
2334
2289
1120
0
2057
0
0
0
2396
2411
100
5031
3090
0
2350
0
1134
0
2071
0
2275
0
2425
2440
2304
100
5046
3105
0
2366
0
1149
0
2086
0
0
0
2440
2455
100
5060
3119
0
2469
0
1163
0
2100
2259
0
0
2501
2517
0
2366
100
5076
3135
0
2485
2350
1179
0
2116
2275
0
0
2549
2565
0
2411
100
5092
3151
0
2501
0
1195
0
2132
2289
2334
0
2581
2597
2366
2440
100
5108
3167
0
2517
0
1211
0
2148
2304
0
0
2597
2613
0
2455
100
5124
3183
0
2533
2396
1227
0
2164
0
0
0
2636
2651
100
5138
3197
0
2549
2425
1241
0
2176
0
2382
0
2658
2673
2411
100
5153
3212
0
2565
2440
1256
0
2191
0
0
0
2673
2688
100
5167
3226
0
2581
0
1270
0
2203
0
2396
0
2695
2710
2440
100
5182
3241
0
2597
0
1285
0
2218
0
2411
0
2710
2725
2455
100
5197
3256
0
2613
0
1300
0
2233
0
0
0
2725
2740
100
5211
3270
0
0
0
1314
0
0
2318
0
0
0
0
0
2517
100
5227
3286
0
0
2501
1330
0
0
2334
0
0
0
0
0
2565
100
5243
3302
0
0
0
1346
0
0
2350
2485
0
0
0
2517
2597
100
5259
3318
0
0
0
1362
0
0
2366
0
0
0
0
0
2613
100
5275
3334
0
0
2549
1378
0
0
2382
0
0
0
0
0
2651
100
5291
3350
0
0
2581
1394
0
0
2396
2533
0
0
0
2565
2673
100
5307
3366
0
0
2597
1410
0
0
2411
0
0
0
0
0
2688
100
5323
3382
0
0
0
1426
0
0
2425
2549
0
0
0
2597
2710
100
5339
3398
0
0
0
1442
0
0
2440
2565
0
0
0
2613
2725
100
5355
3414
0
0
0
1458
0
0
2455
0
0
0
0
0
2740
100
5371
3430
0
0
2636
1474
100
5378
3442
0
0
2658
1480
0
0
0
2629
0
0
0
2651
100
5393
3457
0
0
2673
1495
100
5400
3469
0
0
2695
1501
0
0
0
2636
0
0
0
2673
100
5415
3484
0
0
2710
1516
0
0
0
2651
0
0
0
2688
100
5430
3499
0
0
2725
1531
100
5437
3511
0
0
0
1537
0
0
0
2658
0
0
0
2710
100
5452
3526
0
0
0
1552
0
0
0
2673
0
0
0
2725
100
5467
3541
0
0
0
1567
0
0
0
2688
0
0
0
2740
100
5482
3556
0
0
0
1582
74
5489
0
2759
0
0
0
1946
0
0
0
2789
89
5501
0
2828
2773
0
0
1958
2747
0
0
2858
2801
2816
89
5515
0
2842
0
0
0
1972
0
2759
0
2917
0
0
0
2816
89
5531
0
2858
0
2801
0
1988
0
0
0
2965
89
5543
0
2872
0
0
0
2000
0
0
2789
2977
0
0
2816
89
5558
0
2887
0
0
0
2015
0
0
0
2992
107
5570
0
3046
2842
0
0
2027
2759
0
0
3076
2872
2887
107
5584
0
3060
2901
0
0
2041
2773
2828
0
3135
2933
2949
0
2887
107
5600
0
3076
2917
2872
0
2057
2789
0
0
3183
2977
2992
107
5614
0
3090
2933
0
0
2071
2801
0
2858
3197
3004
3019
2887
107
5629
0
3105
2949
0
0
2086
2816
0
0
3212
3019
3034
107
5643
0
3119
0
0
0
2100
0
2842
0
3286
0
0
0
2949
107
5659
0
3135
0
2933
0
2116
0
2858
0
3334
0
0
0
2992
107
5675
0
3151
0
0
0
2132
0
2872
2917
3350
0
0
2949
3019
107
5691
0
3167
0
0
0
2148
0
2887
0
3366
0
0
0
3034
107
5707
0
3183
0
2977
0
2164
0
0
0
3430
107
5719
0
3197
0
3004
0
2176
0
0
2965
3442
0
0
2992
107
5734
0
3212
0
3019
0
2191
0
0
0
3457
107
5746
0
3226
0
0
0
2203
0
0
2977
3469
0
0
3019
107
5761
0
3241
0
0
0
2218
0
0
2992
3484
0
0
3034
107
5776
0
3256
0
0
0
2233
0
0
0
3499
119
5788
0
3568
3060
0
0
2245
2828
0
0
3598
3090
3105
119
5802
0
3582
3119
0
0
2259
2842
3046
0
3657
3151
3167
0
3105
119
5818
0
3598
3135
3090
0
2275
2858
0
0
3705
3197
3212
119
5832
0
3612
3151
0
0
2289
2872
0
3076
3719
3226
3241
3105
119
5847
0
3627
3167
0
0
2304
2887
0
0
3734
3241
3256
119
5861
0
3641
3270
0
0
2318
2901
3060
0
3792
3302
3318
0
3167
119
5877
0
3657
3286
3151
0
2334
2917
3076
0
3824
3350
3366
0
3212
119
5893
0
3673
3302
0
0
2350
2933
3090
3135
3840
3382
3398
3167
3241
119
5909
0
3689
3318
0
0
2366
2949
3105
0
3856
3398
3414
0
3256
119
5925
0
3705
3334
3197
0
2382
2965
0
0
3904
3442
3457
119
5939
0
3719
3350
3226
0
2396
2977
0
3183
3918
3469
3484
3212
119
5954
0
3734
3366
3241
0
2411
2992
0
0
3933
3484
3499
119
5968
0
3748
3382
0
0
2425
3004
0
3197
3947
3511
3526
3241
119
5983
0
3763
3398
0
0
2440
3019
0
3212
3962
3526
3541
3256
119
5998
0
3778
3414
0
0
2455
3034
0
0
3977
3541
3556
119
0
0
0
0
0
0
2469
0
3119
0
0
0
0
0
3318
119
6012
0
3792
0
3302
0
2485
0
3135
0
4035
0
0
0
3366
119
0
0
0
0
0
0
2501
0
3151
3286
0
0
0
3318
3398
119
6028
0
3808
0
0
0
2517
0
3167
0
4051
0
0
0
3414
119
6044
0
3824
0
3350
0
2533
0
3183
0
4083
0
0
0
3457
119
6060
0
3840
0
3382
0
2549
0
3197
3334
4099
0
0
3366
3484
119
6076
0
3856
0
3398
0
2565
0
3212
0
4115
0
0
0
3499
119
0
0
0
0
0
0
2581
0
3226
3350
0
0
0
3398
3526
119
6092
0
3872
0
0
0
2597
0
3241
3366
4131
0
0
3414
3541
119
6108
0
3888
0
0
0
2613
0
3256
0
4147
0
0
0
3556
119
6124
0
3904
0
3442
0
2629
0
0
0
4195
119
6136
0
3918
0
3469
0
2636
0
0
3430
4201
0
0
3457
119
6151
0
3933
0
3484
0
2651
0
0
0
4216
119
6163
0
3947
0
3511
0
2658
0
0
3442
4222
0
0
3484
119
6178
0
3962
0
3526
0
2673
0
0
3457
4237
0
0
3499
119
6193
0
3977
0
3541
0
2688
0
0
0
4252
119
0
0
0
0
0
0
2695
0
0
3469
0
0
0
3526
119
6205
0
3991
0
0
0
2710
0
0
3484
4258
0
0
3541
119
6220
0
4006
0
0
0
2725
0
0
3499
4273
0
0
3556
119
6235
0
4021
0
0
0
2740
0
0
0
4288
122
6247
0
0
3582
0
0
0
3046
0
0
0
3612
3627
122
6261
0
0
3641
0
0
0
3060
3568
0
0
3673
3689
0
3627
122
6277
0
0
3657
3612
0
0
3076
0
0
0
3719
3734
122
6291
0
0
3673
0
0
0
3090
0
3598
0
3748
3763
3627
122
6306
0
0
3689
0
0
0
3105
0
0
0
3763
3778
122
0
0
0
0
0
0
0
3119
3582
0
0
0
0
0
3689
122
6320
0
0
3792
3673
0
0
3135
3598
0
0
3840
3856
0
3734
122
0
0
0
0
0
0
0
3151
3612
3657
0
0
0
3689
3763
122
6336
0
0
3808
0
0
0
3167
3627
0
0
3872
3888
0
3778
122
6352
0
0
3824
3719
0
0
3183
0
0
0
3918
3933
122
6366
0
0
3840
3748
0
0
3197
0
3705
0
3947
3962
3734
122
6381
0
0
3856
3763
0
0
3212
0
0
0
3962
3977
122
0
0
0
0
0
0
0
3226
0
3719
0
0
0
3763
122
6395
0
0
3872
0
0
0
3241
0
3734
0
3991
4006
3778
122
6410
0
0
3888
0
0
0
3256
0
0
0
4006
4021
122
0
0
0
0
0
0
0
3286
3657
0
0
0
0
0
3856
122
0
0
0
0
0
0
0
3318
3689
0
0
0
0
0
3888
122
6424
0
0
4035
3840
0
0
3334
3705
0
0
4099
4115
0
3933
122
0
0
0
0
0
0
0
3350
3719
3824
0
0
0
3856
3962
122
6440
0
0
4051
3872
0
0
3366
3734
0
0
4131
4147
0
3977
122
0
0
0
0
0
0
0
3398
3763
3856
0
0
0
3888
4006
122
6456
0
0
4067
0
0
0
3414
3778
0
0
4163
4179
0
4021
122
6472
0
0
4083
3918
0
0
3430
0
0
0
4201
4216
122
6486
0
0
4099
3947
0
0
3442
0
3904
0
4222
4237
3933
122
6501
0
0
4115
3962
0
0
3457
0
0
0
4237
4252
122
0
0
0
0
0
0
0
3469
0
3918
0
0
0
3962
122
6515
0
0
4131
3991
0
0
3484
0
3933
0
4258
4273
3977
122
6530
0
0
4147
4006
0
0
3499
0
0
0
4273
4288
122
0
0
0
0
0
0
0
3526
0
3962
0
0
0
4006
122
6544
0
0
4163
0
0
0
3541
0
3977
0
4294
4309
4021
122
6559
0
0
4179
0
0
0
3556
0
0
0
4309
4324
122
0
0
0
0
0
0
0
0
3824
0
0
0
0
0
4115
122
0
0
0
0
0
0
0
0
3856
0
0
0
0
0
4147
122
0
0
0
0
0
0
0
0
3888
0
0
0
0
0
4179
122
6573
0
0
0
4099
0
0
0
3904
0
0
0
0
0
4216
122
0
0
0
0
0
0
0
0
3918
4083
0
0
0
4115
4237
122
6589
0
0
0
4131
0
0
0
3933
0
0
0
0
0
4252
122
0
0
0
0
0
0
0
0
3962
4115
0
0
0
4147
4273
122
6605
0
0
0
4163
0
0
0
3977
0
0
0
0
0
4288
122
0
0
0
0
0
0
0
0
4006
4147
0
0
0
4179
4309
122
6621
0
0
0
0
0
0
0
4021
0
0
0
0
0
4324
122
6637
0
0
0
4201
122
6644
0
0
0
4222
0
0
0
0
4195
0
0
0
4216
122
6659
0
0
0
4237
122
0
0
0
0
0
0
0
0
0
4201
0
0
0
4237
122
6666
0
0
0
4258
0
0
0
0
4216
0
0
0
4252
122
6681
0
0
0
4273
122
0
0
0
0
0
0
0
0
0
4237
0
0
0
4273
122
6688
0
0
0
4294
0
0
0
0
4252
0
0
0
4288
122
6703
0
0
0
4309
122
0
0
0
0
0
0
0
0
0
4273
0
0
0
4309
122
6710
0
0
0
0
0
0
0
0
4288
0
0
0
4324
122
6725
26
7479
4333
0
0
0
1584
39
7486
4404
4345
0
0
1591
4326
0
0
0
4375
45
7498
4416
0
4359
0
1603
0
4333
0
0
0
4382
4397
45
7512
4430
0
0
0
1617
0
0
4345
0
0
0
0
0
4397
45
7528
4446
0
0
4382
1633
45
7535
4458
0
0
0
1640
0
0
0
4375
0
0
0
4397
45
7550
4473
0
0
0
1655
51
7557
4688
4416
0
0
1662
4333
0
0
0
4446
65
7569
4700
4485
4430
0
1674
4345
4404
0
0
4515
4458
4473
65
7583
4714
4499
0
0
1688
4359
0
4416
0
4574
0
0
0
4473
65
7599
4730
4515
0
4458
1704
4375
0
0
0
4622
65
7611
4742
4529
0
0
1716
4382
0
0
4446
4629
0
0
4473
65
7626
4757
4544
0
0
1731
4397
0
0
0
4644
82
7638
4769
0
4499
0
1743
0
4416
0
0
0
4529
4544
82
7652
4783
0
4558
0
1757
0
4430
4485
0
0
4590
4606
0
4544
82
7668
4799
0
4574
4529
1773
0
4446
0
0
0
4629
4644
82
7682
4813
0
4590
0
1787
0
4458
0
4515
0
4651
4666
4544
82
7697
4828
0
4606
0
1802
0
4473
0
0
0
4666
4681
82
7711
4842
0
0
0
1816
0
0
4499
0
0
0
0
0
4606
82
7727
4858
0
0
4590
1832
0
0
4515
0
0
0
0
0
4644
82
7743
4874
0
0
0
1848
0
0
4529
4574
0
0
0
4606
4666
82
7759
4890
0
0
0
1864
0
0
4544
0
0
0
0
0
4681
82
7775
4906
0
0
4629
1880
82
7782
4918
0
0
4651
1887
0
0
0
4622
0
0
0
4644
82
7797
4933
0
0
4666
1902
82
7804
4945
0
0
0
1909
0
0
0
4629
0
0
0
4666
82
7819
4960
0
0
0
1924
0
0
0
4644
0
0
0
4681
82
7834
4975
0
0
0
1939
71
7841
5489
4700
0
0
1946
4404
0
0
0
4730
84
7853
5501
4769
4714
0
1958
4416
4688
0
0
4799
4742
4757
84
7867
5515
4783
0
0
1972
4430
0
4700
0
4858
0
0
0
4757
84
7883
5531
4799
0
4742
1988
4446
0
0
0
4906
84
7895
5543
4813
0
0
2000
4458
0
0
4730
4918
0
0
4757
84
7910
5558
4828
0
0
2015
4473
0
0
0
4933
99
7922
5570
4987
4783
0
2027
4485
4700
0
0
5017
4813
4828
99
7936
5584
5001
4842
0
2041
4499
4714
4769
0
5076
4874
4890
0
4828
99
7952
5600
5017
4858
4813
2057
4515
4730
0
0
5124
4918
4933
99
7966
5614
5031
4874
0
2071
4529
4742
0
4799
5138
4945
4960
4828
99
7981
5629
5046
4890
0
2086
4544
4757
0
0
5153
4960
4975
99
7995
5643
5060
0
0
2100
4558
0
4783
0
5227
0
0
0
4890
99
8011
5659
5076
0
4874
2116
4574
0
4799
0
5275
0
0
0
4933
99
8027
5675
5092
0
0
2132
4590
0
4813
4858
5291
0
0
4890
4960
99
8043
5691
5108
0
0
2148
4606
0
4828
0
5307
0
0
0
4975
99
8059
5707
5124
0
4918
2164
4622
0
0
0
5371
99
8071
5719
5138
0
4945
2176
4629
0
0
4906
5378
0
0
4933
99
8086
5734
5153
0
4960
2191
4644
0
0
0
5393
99
8098
5746
5167
0
0
2203
4651
0
0
4918
5400
0
0
4960
99
8113
5761
5182
0
0
2218
4666
0
0
4933
5415
0
0
4975
99
8128
5776
5197
0
0
2233
4681
0
0
0
5430
114
8140
5788
0
5001
0
2245
0
4769
0
0
0
5031
5046
114
8154
5802
0
5060
0
2259
0
4783
4987
0
0
5092
5108
0
5046
114
8170
5818
0
5076
5031
2275
0
4799
0
0
0
5138
5153
114
8184
5832
0
5092
0
2289
0
4813
0
5017
0
5167
5182
5046
114
8199
5847
0
5108
0
2304
0
4828
0
0
0
5182
5197
114
8213
5861
0
5211
0
2318
0
4842
5001
0
0
5243
5259
0
5108
114
8229
5877
0
5227
5092
2334
0
4858
5017
0
0
5291
5307
0
5153
114
8245
5893
0
5243
0
2350
0
4874
5031
5076
0
5323
5339
5108
5182
114
8261
5909
0
5259
0
2366
0
4890
5046
0
0
5339
5355
0
5197
114
8277
5925
0
5275
5138
2382
0
4906
0
0
0
5378
5393
114
8291
5939
0
5291
5167
2396
0
4918
0
5124
0
5400
5415
5153
114
8306
5954
0
5307
5182
2411
0
4933
0
0
0
5415
5430
114
8320
5968
0
5323
0
2425
0
4945
0
5138
0
5437
5452
5182
114
8335
5983
0
5339
0
2440
0
4960
0
5153
0
5452
5467
5197
114
8350
5998
0
5355
0
2455
0
4975
0
0
0
5467
5482
114
0
0
0
0
0
2469
0
0
5060
0
0
0
0
0
5259
114
8364
6012
0
0
5243
2485
0
0
5076
0
0
0
0
0
5307
114
0
0
0
0
0
2501
0
0
5092
5227
0
0
0
5259
5339
114
8380
6028
0
0
0
2517
0
0
5108
0
0
0
0
0
5355
114
8396
6044
0
0
5291
2533
0
0
5124
0
0
0
0
0
5393
114
8412
6060
0
0
5323
2549
0
0
5138
5275
0
0
0
5307
5415
114
8428
6076
0
0
5339
2565
0
0
5153
0
0
0
0
0
5430
114
0
0
0
0
0
2581
0
0
5167
5291
0
0
0
5339
5452
114
8444
6092
0
0
0
2597
0
0
5182
5307
0
0
0
5355
5467
114
8460
6108
0
0
0
2613
0
0
5197
0
0
0
0
0
5482
114
8476
6124
0
0
5378
2629
114
8483
6136
0
0
5400
2636
0
0
0
5371
0
0
0
5393
114
8498
6151
0
0
5415
2651
114
8505
6163
0
0
5437
2658
0
0
0
5378
0
0
0
5415
114
8520
6178
0
0
5452
2673
0
0
0
5393
0
0
0
5430
114
8535
6193
0
0
5467
2688
114
0
0
0
0
0
2695
0
0
0
5400
0
0
0
5452
114
8542
6205
0
0
0
2710
0
0
0
5415
0
0
0
5467
114
8557
6220
0
0
0
2725
0
0
0
5430
0
0
0
5482
114
8572
6235
0
0
0
2740
87
8579
6732
5501
0
0
2747
4688
0
0
0
5531
103
8591
6744
5570
5515
0
2759
4700
5489
0
0
5600
5543
5558
103
8605
6758
5584
0
0
2773
4714
0
5501
0
5659
0
0
0
5558
103
8621
6774
5600
0
5543
2789
4730
0
0
0
5707
103
8633
6786
5614
0
0
2801
4742
0
0
5531
5719
0
0
5558
103
8648
6801
5629
0
0
2816
4757
0
0
0
5734
117
8660
6813
5788
5584
0
2828
4769
5501
0
0
5818
5614
5629
117
8674
6827
5802
5643
0
2842
4783
5515
5570
0
5877
5675
5691
0
5629
117
8690
6843
5818
5659
5614
2858
4799
5531
0
0
5925
5719
5734
117
8704
6857
5832
5675
0
2872
4813
5543
0
5600
5939
5746
5761
5629
117
8719
6872
5847
5691
0
2887
4828
5558
0
0
5954
5761
5776
117
8733
6886
5861
0
0
2901
4842
0
5584
0
6012
0
0
0
5691
117
8749
6902
5877
0
5675
2917
4858
0
5600
0
6044
0
0
0
5734
117
8765
6918
5893
0
0
2933
4874
0
5614
5659
6060
0
0
5691
5761
117
8781
6934
5909
0
0
2949
4890
0
5629
0
6076
0
0
0
5776
117
8797
6950
5925
0
5719
2965
4906
0
0
0
6124
117
8809
6962
5939
0
5746
2977
4918
0
0
5707
6136
0
0
5734
117
8824
6977
5954
0
5761
2992
4933
0
0
0
6151
117
8836
6989
5968
0
0
3004
4945
0
0
5719
6163
0
0
5761
117
8851
7004
5983
0
0
3019
4960
0
0
5734
6178
0
0
5776
117
8866
7019
5998
0
0
3034
4975
0
0
0
6193
124
8878
7031
6247
5802
0
3046
4987
5570
0
0
6277
5832
5847
124
8892
7045
6261
5861
0
3060
5001
5584
5788
0
6320
5893
5909
0
5847
124
8908
7061
6277
5877
5832
3076
5017
5600
0
0
6352
5939
5954
124
8922
7075
6291
5893
0
3090
5031
5614
0
5818
6366
5968
5983
5847
124
8937
7090
6306
5909
0
3105
5046
5629
0
0
6381
5983
5998
124
0
0
0
0
0
3119
5060
5643
5802
0
0
0
0
0
5909
124
8951
7104
6320
6012
5893
3135
5076
5659
5818
0
6424
6060
6076
0
5954
124
0
0
0
0
0
3151
5092
5675
5832
5877
0
0
0
5909
5983
124
8967
7120
6336
6028
0
3167
5108
5691
5847
0
6440
6092
6108
0
5998
124
8983
7136
6352
6044
5939
3183
5124
5707
0
0
6472
6136
6151
124
8997
7150
6366
6060
5968
3197
5138
5719
0
5925
6486
6163
6178
5954
124
9012
7165
6381
6076
5983
3212
5153
5734
0
0
6501
6178
6193
124
0
0
0
0
0
3226
5167
5746
0
5939
0
0
0
5983
124
9026
7179
6395
6092
0
3241
5182
5761
0
5954
6515
6205
6220
5998
124
9041
7194
6410
6108
0
3256
5197
5776
0
0
6530
6220
6235
124
0
0
0
0
0
3286
5227
0
5877
0
0
0
0
0
6076
124
0
0
0
0
0
3318
5259
0
5909
0
0
0
0
0
6108
124
9055
7208
6424
0
6060
3334
5275
0
5925
0
6573
0
0
0
6151
124
0
0
0
0
0
3350
5291
0
5939
6044
0
0
0
6076
6178
124
9071
7224
6440
0
6092
3366
5307
0
5954
0
6589
0
0
0
6193
124
0
0
0
0
0
3398
5339
0
5983
6076
0
0
0
6108
6220
124
9087
7240
6456
0
0
3414
5355
0
5998
0
6605
0
0
0
6235
124
9103
7256
6472
0
6136
3430
5371
0
0
0
6637
124
9115
7268
6486
0
6163
3442
5378
0
0
6124
6644
0
0
6151
124
9130
7283
6501
0
6178
3457
5393
0
0
0
6659
124
0
0
0
0
0
3469
5400
0
0
6136
0
0
0
6178
124
9142
7295
6515
0
6205
3484
5415
0
0
6151
6666
0
0
6193
124
9157
7310
6530
0
6220
3499
5430
0
0
0
6681
124
0
0
0
0
0
3526
5452
0
0
6178
0
0
0
6220
124
9169
7322
6544
0
0
3541
5467
0
0
6193
6688
0
0
6235
124
9184
7337
6559
0
0
3556
5482
0
0
0
6703
127
9196
7349
0
6261
0
3568
0
5788
0
0
0
6291
6306
127
0
0
0
0
0
3582
0
5802
6247
0
0
0
0
0
6306
127
9205
7358
0
6320
6291
3598
0
5818
0
0
0
6366
6381
127
0
0
0
0
0
3612
0
5832
0
6277
0
0
0
6306
127
9214
7367
0
6336
0
3627
0
5847
0
0
0
6395
6410
127
0
0
0
0
0
3657
0
5877
6277
0
0
0
0
0
6381
127
0
0
0
0
0
3689
0
5909
6306
0
0
0
0
0
6410
127
9223
7376
0
6424
6366
3705
0
5925
0
0
0
6486
6501
127
0
0
0
0
0
3719
0
5939
0
6352
0
0
0
6381
127
9232
7385
0
6440
6395
3734
0
5954
0
0
0
6515
6530
127
0
0
0
0
0
3763
0
5983
0
6381
0
0
0
6410
127
9241
7394
0
6456
0
3778
0
5998
0
0
0
6544
6559
127
0
0
0
0
0
3824
0
6044
6352
0
0
0
0
0
6501
127
0
0
0
0
0
3856
0
6076
6381
0
0
0
0
0
6530
127
0
0
0
0
0
3888
0
6108
6410
0
0
0
0
0
6559
127
9250
7403
0
6573
6486
3904
0
6124
0
0
0
6644
6659
127
0
0
0
0
0
3918
0
6136
0
6472
0
0
0
6501
127
9259
7412
0
6589
6515
3933
0
6151
0
0
0
6666
6681
127
0
0
0
0
0
3962
0
6178
0
6501
0
0
0
6530
127
9268
7421
0
6605
6544
3977
0
6193
0
0
0
6688
6703
127
0
0
0
0
0
4006
0
6220
0
6530
0
0
0
6559
127
9277
7430
0
6621
0
4021
0
6235
0
0
0
6710
6725
127
0
0
0
0
0
4083
0
0
6472
0
0
0
0
0
6659
127
0
0
0
0
0
4115
0
0
6501
0
0
0
0
0
6681
127
0
0
0
0
0
4147
0
0
6530
0
0
0
0
0
6703
127
0
0
0
0
0
4179
0
0
6559
0
0
0
0
0
6725
127
9286
7439
0
0
6644
4195
127
0
0
0
0
0
4201
0
0
0
6637
0
0
0
6659
127
9293
7447
0
0
6666
4216
127
0
0
0
0
0
4237
0
0
0
6659
0
0
0
6681
127
9300
7455
0
0
6688
4252
127
0
0
0
0
0
4273
0
0
0
6681
0
0
0
6703
127
9307
7463
0
0
6710
4288
127
0
0
0
0
0
4309
0
0
0
6703
0
0
0
6725
127
9314
7471
0
0
0
4324
108
9321
0
6744
0
0
0
5489
0
0
0
6774
120
9333
0
6813
6758
0
0
5501
6732
0
0
6843
6786
6801
120
9347
0
6827
0
0
0
5515
0
6744
0
6902
0
0
0
6801
120
9363
0
6843
0
6786
0
5531
0
0
0
6950
120
9375
0
6857
0
0
0
5543
0
0
6774
6962
0
0
6801
120
9390
0
6872
0
0
0
5558
0
0
0
6977
126
9402
0
7031
6827
0
0
5570
6744
0
0
7061
6857
6872
126
9416
0
7045
6886
0
0
5584
6758
6813
0
7104
6918
6934
0
6872
126
9432
0
7061
6902
6857
0
5600
6774
0
0
7136
6962
6977
126
9446
0
7075
6918
0
0
5614
6786
0
6843
7150
6989
7004
6872
126
9461
0
7090
6934
0
0
5629
6801
0
0
7165
7004
7019
126
0
0
0
0
0
0
5643
0
6827
0
0
0
0
0
6934
126
9475
0
7104
0
6918
0
5659
0
6843
0
7208
0
0
0
6977
126
0
0
0
0
0
0
5675
0
6857
6902
0
0
0
6934
7004
126
9491
0
7120
0
0
0
5691
0
6872
0
7224
0
0
0
7019
126
9507
0
7136
0
6962
0
5707
0
0
0
7256
126
9519
0
7150
0
6989
0
5719
0
0
6950
7268
0
0
6977
126
9534
0
7165
0
7004
0
5734
0
0
0
7283
126
0
0
0
0
0
0
5746
0
0
6962
0
0
0
7004
126
9546
0
7179
0
0
0
5761
0
0
6977
7295
0
0
7019
126
9561
0
7194
0
0
0
5776
0
0
0
7310
128
9573
0
7349
7045
0
0
5788
6813
0
0
7358
7075
7090
128
0
0
0
0
0
0
5802
6827
7031
0
0
0
0
0
7090
128
9582
0
7358
7104
7075
0
5818
6843
0
0
7376
7150
7165
128
0
0
0
0
0
0
5832
6857
0
7061
0
0
0
7090
128
9591
0
7367
7120
0
0
5847
6872
0
0
7385
7179
7194
128
0
0
0
0
0
0
5877
6902
7061
0
0
0
0
0
7165
128
0
0
0
0
0
0
5909
6934
7090
0
0
0
0
0
7194
128
9600
0
7376
7208
7150
0
5925
6950
0
0
7403
7268
7283
128
0
0
0
0
0
0
5939
6962
0
7136
0
0
0
7165
128
9609
0
7385
7224
7179
0
5954
6977
0
0
7412
7295
7310
128
0
0
0
0
0
0
5983
7004
0
7165
0
0
0
7194
128
9618
0
7394
7240
0
0
5998
7019
0
0
7421
7322
7337
128
0
0
0
0
0
0
6044
0
7136
0
0
0
0
0
7283
128
0
0
0
0
0
0
6076
0
7165
0
0
0
0
0
7310
128
0
0
0
0
0
0
6108
0
7194
0
0
0
0
0
7337
128
9627
0
7403
0
7268
0
6124
0
0
0
7439
128
0
0
0
0
0
0
6136
0
0
7256
0
0
0
7283
128
9635
0
7412
0
7295
0
6151
0
0
0
7447
128
0
0
0
0
0
0
6178
0
0
7283
0
0
0
7310
128
9643
0
7421
0
7322
0
6193
0
0
0
7455
128
0
0
0
0
0
0
6220
0
0
7310
0
0
0
7337
128
9651
0
7430
0
0
0
6235
0
0
0
7463
129
0
0
0
0
0
0
6247
7031
129
0
0
0
0
0
0
6277
7061
129
0
0
0
0
0
0
6306
7090
129
0
0
0
0
0
0
6352
7136
129
0
0
0
0
0
0
6381
7165
129
0
0
0
0
0
0
6410
7194
129
0
0
0
0
0
0
6472
7256
129
0
0
0
0
0
0
6501
7283
129
0
0
0
0
0
0
6530
7310
129
0
0
0
0
0
0
6559
7337
129
0
0
0
0
0
0
6637
129
0
0
0
0
0
0
6659
129
0
0
0
0
0
0
6681
129
0
0
0
0
0
0
6703
129
0
0
0
0
0
0
6725
26
9791
7486
0
0
0
4326
39
9798
7557
7498
0
0
4333
7479
0
0
0
7528
45
9810
7569
0
7512
0
4345
0
7486
0
0
0
7535
7550
45
9824
7583
0
0
0
4359
0
0
7498
0
0
0
0
0
7550
45
9840
7599
0
0
7535
4375
45
9847
7611
0
0
0
4382
0
0
0
7528
0
0
0
7550
45
9862
7626
0
0
0
4397
51
9869
7841
7569
0
0
4404
7486
0
0
0
7599
65
9881
7853
7638
7583
0
4416
7498
7557
0
0
7668
7611
7626
65
9895
7867
7652
0
0
4430
7512
0
7569
0
7727
0
0
0
7626
65
9911
7883
7668
0
7611
4446
7528
0
0
0
7775
65
9923
7895
7682
0
0
4458
7535
0
0
7599
7782
0
0
7626
65
9938
7910
7697
0
0
4473
7550
0
0
0
7797
82
9950
7922
0
7652
0
4485
0
7569
0
0
0
7682
7697
82
9964
7936
0
7711
0
4499
0
7583
7638
0
0
7743
7759
0
7697
82
9980
7952
0
7727
7682
4515
0
7599
0
0
0
7782
7797
82
9994
7966
0
7743
0
4529
0
7611
0
7668
0
7804
7819
7697
82
10009
7981
0
7759
0
4544
0
7626
0
0
0
7819
7834
82
10023
7995
0
0
0
4558
0
0
7652
0
0
0
0
0
7759
82
10039
8011
0
0
7743
4574
0
0
7668
0
0
0
0
0
7797
82
10055
8027
0
0
0
4590
0
0
7682
7727
0
0
0
7759
7819
82
10071
8043
0
0
0
4606
0
0
7697
0
0
0
0
0
7834
82
10087
8059
0
0
7782
4622
82
10094
8071
0
0
7804
4629
0
0
0
7775
0
0
0
7797
82
10109
8086
0
0
7819
4644
82
10116
8098
0
0
0
4651
0
0
0
7782
0
0
0
7819
82
10131
8113
0
0
0
4666
0
0
0
7797
0
0
0
7834
82
10146
8128
0
0
0
4681
71
10153
8579
7853
0
0
4688
7557
0
0
0
7883
84
10165
8591
7922
7867
0
4700
7569
7841
0
0
7952
7895
7910
84
10179
8605
7936
0
0
4714
7583
0
7853
0
8011
0
0
0
7910
84
10195
8621
7952
0
7895
4730
7599
0
0
0
8059
84
10207
8633
7966
0
0
4742
7611
0
0
7883
8071
0
0
7910
84
10222
8648
7981
0
0
4757
7626
0
0
0
8086
99
10234
8660
8140
7936
0
4769
7638
7853
0
0
8170
7966
7981
99
10248
8674
8154
7995
0
4783
7652
7867
7922
0
8229
8027
8043
0
7981
99
10264
8690
8170
8011
7966
4799
7668
7883
0
0
8277
8071
8086
99
10278
8704
8184
8027
0
4813
7682
7895
0
7952
8291
8098
8113
7981
99
10293
8719
8199
8043
0
4828
7697
7910
0
0
8306
8113
8128
99
10307
8733
8213
0
0
4842
7711
0
7936
0
8364
0
0
0
8043
99
10323
8749
8229
0
8027
4858
7727
0
7952
0
8396
0
0
0
8086
99
10339
8765
8245
0
0
4874
7743
0
7966
8011
8412
0
0
8043
8113
99
10355
8781
8261
0
0
4890
7759
0
7981
0
8428
0
0
0
8128
99
10371
8797
8277
0
8071
4906
7775
0
0
0
8476
99
10383
8809
8291
0
8098
4918
7782
0
0
8059
8483
0
0
8086
99
10398
8824
8306
0
8113
4933
7797
0
0
0
8498
99
10410
8836
8320
0
0
4945
7804
0
0
8071
8505
0
0
8113
99
10425
8851
8335
0
0
4960
7819
0
0
8086
8520
0
0
8128
99
10440
8866
8350
0
0
4975
7834
0
0
0
8535
114
10452
8878
0
8154
0
4987
0
7922
0
0
0
8184
8199
114
10466
8892
0
8213
0
5001
0
7936
8140
0
0
8245
8261
0
8199
114
10482
8908
0
8229
8184
5017
0
7952
0
0
0
8291
8306
114
10496
8922
0
8245
0
5031
0
7966
0
8170
0
8320
8335
8199
114
10511
8937
0
8261
0
5046
0
7981
0
0
0
8335
8350
114
0
0
0
0
0
5060
0
7995
8154
0
0
0
0
0
8261
114
10525
8951
0
8364
8245
5076
0
8011
8170
0
0
8412
8428
0
8306
114
0
0
0
0
0
5092
0
8027
8184
8229
0
0
0
8261
8335
114
10541
8967
0
8380
0
5108
0
8043
8199
0
0
8444
8460
0
8350
114
10557
8983
0
8396
8291
5124
0
8059
0
0
0
8483
8498
114
10571
8997
0
8412
8320
5138
0
8071
0
8277
0
8505
8520
8306
114
10586
9012
0
8428
8335
5153
0
8086
0
0
0
8520
8535
114
0
0
0
0
0
5167
0
8098
0
8291
0
0
0
8335
114
10600
9026
0
8444
0
5182
0
8113
0
8306
0
8542
8557
8350
114
10615
9041
0
8460
0
5197
0
8128
0
0
0
8557
8572
114
0
0
0
0
0
5227
0
0
8229
0
0
0
0
0
8428
114
0
0
0
0
0
5259
0
0
8261
0
0
0
0
0
8460
114
10629
9055
0
0
8412
5275
0
0
8277
0
0
0
0
0
8498
114
0
0
0
0
0
5291
0
0
8291
8396
0
0
0
8428
8520
114
10645
9071
0
0
8444
5307
0
0
8306
0
0
0
0
0
8535
114
0
0
0
0
0
5339
0
0
8335
8428
0
0
0
8460
8557
114
10661
9087
0
0
0
5355
0
0
8350
0
0
0
0
0
8572
114
10677
9103
0
0
8483
5371
114
10684
9115
0
0
8505
5378
0
0
0
8476
0
0
0
8498
114
10699
9130
0
0
8520
5393
114
0
0
0
0
0
5400
0
0
0
8483
0
0
0
8520
114
10706
9142
0
0
8542
5415
0
0
0
8498
0
0
0
8535
114
10721
9157
0
0
8557
5430
114
0
0
0
0
0
5452
0
0
0
8520
0
0
0
8557
114
10728
9169
0
0
0
5467
0
0
0
8535
0
0
0
8572
114
10743
9184
0
0
0
5482
87
10750
9321
8591
0
0
5489
7841
0
0
0
8621
103
10762
9333
8660
8605
0
5501
7853
8579
0
0
8690
8633
8648
103
10776
9347
8674
0
0
5515
7867
0
8591
0
8749
0
0
0
8648
103
10792
9363
8690
0
8633
5531
7883
0
0
0
8797
103
10804
9375
8704
0
0
5543
7895
0
0
8621
8809
0
0
8648
103
10819
9390
8719
0
0
5558
7910
0
0
0
8824
117
10831
9402
8878
8674
0
5570
7922
8591
0
0
8908
8704
8719
117
10845
9416
8892
8733
0
5584
7936
8605
8660
0
8951
8765
8781
0
8719
117
10861
9432
8908
8749
8704
5600
7952
8621
0
0
8983
8809
8824
117
10875
9446
8922
8765
0
5614
7966
8633
0
8690
8997
8836
8851
8719
117
10890
9461
8937
8781
0
5629
7981
8648
0
0
9012
8851
8866
117
0
0
0
0
0
5643
7995
0
8674
0
0
0
0
0
8781
117
10904
9475
8951
0
8765
5659
8011
0
8690
0
9055
0
0
0
8824
117
0
0
0
0
0
5675
8027
0
8704
8749
0
0
0
8781
8851
117
10920
9491
8967
0
0
5691
8043
0
8719
0
9071
0
0
0
8866
117
10936
9507
8983
0
8809
5707
8059
0
0
0
9103
117
10948
9519
8997
0
8836
5719
8071
0
0
8797
9115
0
0
8824
117
10963
9534
9012
0
8851
5734
8086
0
0
0
9130
117
0
0
0
0
0
5746
8098
0
0
8809
0
0
0
8851
117
10975
9546
9026
0
0
5761
8113
0
0
8824
9142
0
0
8866
117
10990
9561
9041
0
0
5776
8128
0
0
0
9157
124
11002
9573
9196
8892
0
5788
8140
8660
0
0
9205
8922
8937
124
0
0
0
0
0
5802
8154
8674
8878
0
0
0
0
0
8937
124
11011
9582
9205
8951
8922
5818
8170
8690
0
0
9223
8997
9012
124
0
0
0
0
0
5832
8184
8704
0
8908
0
0
0
8937
124
11020
9591
9214
8967
0
5847
8199
8719
0
0
9232
9026
9041
124
0
0
0
0
0
5877
8229
8749
8908
0
0
0
0
0
9012
124
0
0
0
0
0
5909
8261
8781
8937
0
0
0
0
0
9041
124
11029
9600
9223
9055
8997
5925
8277
8797
0
0
9250
9115
9130
124
0
0
0
0
0
5939
8291
8809
0
8983
0
0
0
9012
124
11038
9609
9232
9071
9026
5954
8306
8824
0
0
9259
9142
9157
124
0
0
0
0
0
5983
8335
8851
0
9012
0
0
0
9041
124
11047
9618
9241
9087
0
5998
8350
8866
0
0
9268
9169
9184
124
0
0
0
0
0
6044
8396
0
8983
0
0
0
0
0
9130
124
0
0
0
0
0
6076
8428
0
9012
0
0
0
0
0
9157
124
0
0
0
0
0
6108
8460
0
9041
0
0
0
0
0
9184
124
11056
9627
9250
0
9115
6124
8476
0
0
0
9286
124
0
0
0
0
0
6136
8483
0
0
9103
0
0
0
9130
124
11064
9635
9259
0
9142
6151
8498
0
0
0
9293
124
0
0
0
0
0
6178
8520
0
0
9130
0
0
0
9157
124
11072
9643
9268
0
9169
6193
8535
0
0
0
9300
124
0
0
0
0
0
6220
8557
0
0
9157
0
0
0
9184
124
11080
9651
9277
0
0
6235
8572
0
0
0
9307
127
0
0
0
0
0
6247
0
8878
127
0
0
0
0
0
6277
0
8908
127
0
0
0
0
0
6306
0
8937
127
0
0
0
0
0
6352
0
8983
127
0
0
0
0
0
6381
0
9012
127
0
0
0
0
0
6410
0
9041
127
0
0
0
0
0
6472
0
9103
127
0
0
0
0
0
6501
0
9130
127
0
0
0
0
0
6530
0
9157
127
0
0
0
0
0
6559
0
9184
127
0
0
0
0
0
6637
127
0
0
0
0
0
6659
127
0
0
0
0
0
6681
127
0
0
0
0
0
6703
127
0
0
0
0
0
6725
108
11088
9659
9333
0
0
6732
8579
0
0
0
9363
120
11100
9671
9402
9347
0
6744
8591
9321
0
0
9432
9375
9390
120
11114
9685
9416
0
0
6758
8605
0
9333
0
9475
0
0
0
9390
120
11130
9701
9432
0
9375
6774
8621
0
0
0
9507
120
11142
9713
9446
0
0
6786
8633
0
0
9363
9519
0
0
9390
120
11157
9728
9461
0
0
6801
8648
0
0
0
9534
126
11169
9740
9573
9416
0
6813
8660
9333
0
0
9582
9446
9461
126
0
0
0
0
0
6827
8674
9347
9402
0
0
0
0
0
9461
126
11178
9749
9582
9475
9446
6843
8690
9363
0
0
9600
9519
9534
126
0
0
0
0
0
6857
8704
9375
0
9432
0
0
0
9461
126
11187
9758
9591
9491
0
6872
8719
9390
0
0
9609
9546
9561
126
0
0
0
0
0
6902
8749
0
9432
0
0
0
0
0
9534
126
0
0
0
0
0
6934
8781
0
9461
0
0
0
0
0
9561
126
11196
9767
9600
0
9519
6950
8797
0
0
0
9627
126
0
0
0
0
0
6962
8809
0
0
9507
0
0
0
9534
126
11204
9775
9609
0
9546
6977
8824
0
0
0
9635
126
0
0
0
0
0
7004
8851
0
0
9534
0
0
0
9561
126
11212
9783
9618
0
0
7019
8866
0
0
0
9643
128
0
0
0
0
0
7031
8878
9402
128
0
0
0
0
0
7061
8908
9432
128
0
0
0
0
0
7090
8937
9461
128
0
0
0
0
0
7136
8983
9507
128
0
0
0
0
0
7165
9012
9534
128
0
0
0
0
0
7194
9041
9561
128
0
0
0
0
0
7256
9103
128
0
0
0
0
0
7283
9130
128
0
0
0
0
0
7310
9157
128
0
0
0
0
0
7337
9184
108
11220
0
9671
0
0
0
9321
0
0
0
9701
120
11232
0
9740
9685
0
0
9333
9659
0
0
9749
9713
9728
120
0
0
0
0
0
0
9347
0
9671
0
0
0
0
0
9728
120
11241
0
9749
0
9713
0
9363
0
0
0
9767
120
0
0
0
0
0
0
9375
0
0
9701
0
0
0
9728
120
11249
0
9758
0
0
0
9390
0
0
0
9775
126
0
0
0
0
0
0
9402
9671
126
0
0
0
0
0
0
9432
9701
126
0
0
0
0
0
0
9461
9728
126
0
0
0
0
0
0
9507
126
0
0
0
0
0
0
9534
126
0
0
0
0
0
0
9561
26
0
9798
0
0
0
7479
39
0
9869
9810
0
0
7486
9791
0
0
0
9840
45
0
9881
0
9824
0
7498
0
9798
0
0
0
9847
9862
45
0
9895
0
0
0
7512
0
0
9810
0
0
0
0
0
9862
45
0
9911
0
0
9847
7528
45
0
9923
0
0
0
7535
0
0
0
9840
0
0
0
9862
45
0
9938
0
0
0
7550
51
0
10153
9881
0
0
7557
9798
0
0
0
9911
65
0
10165
9950
9895
0
7569
9810
9869
0
0
9980
9923
9938
65
0
10179
9964
0
0
7583
9824
0
9881
0
10039
0
0
0
9938
65
0
10195
9980
0
9923
7599
9840
0
0
0
10087
65
0
10207
9994
0
0
7611
9847
0
0
9911
10094
0
0
9938
65
0
10222
10009
0
0
7626
9862
0
0
0
10109
82
0
10234
0
9964
0
7638
0
9881
0
0
0
9994
10009
82
0
10248
0
10023
0
7652
0
9895
9950
0
0
10055
10071
0
10009
82
0
10264
0
10039
9994
7668
0
9911
0
0
0
10094
10109
82
0
10278
0
10055
0
7682
0
9923
0
9980
0
10116
10131
10009
82
0
10293
0
10071
0
7697
0
9938
0
0
0
10131
10146
82
0
10307
0
0
0
7711
0
0
9964
0
0
0
0
0
10071
82
0
10323
0
0
10055
7727
0
0
9980
0
0
0
0
0
10109
82
0
10339
0
0
0
7743
0
0
9994
10039
0
0
0
10071
10131
82
0
10355
0
0
0
7759
0
0
10009
0
0
0
0
0
10146
82
0
10371
0
0
10094
7775
82
0
10383
0
0
10116
7782
0
0
0
10087
0
0
0
10109
82
0
10398
0
0
10131
7797
82
0
10410
0
0
0
7804
0
0
0
10094
0
0
0
10131
82
0
10425
0
0
0
7819
0
0
0
10109
0
0
0
10146
82
0
10440
0
0
0
7834
71
0
10750
10165
0
0
7841
9869
0
0
0
10195
84
0
10762
10234
10179
0
7853
9881
10153
0
0
10264
10207
10222
84
0
10776
10248
0
0
7867
9895
0
10165
0
10323
0
0
0
10222
84
0
10792
10264
0
10207
7883
9911
0
0
0
10371
84
0
10804
10278
0
0
7895
9923
0
0
10195
10383
0
0
10222
84
0
10819
10293
0
0
7910
9938
0
0
0
10398
99
0
10831
10452
10248
0
7922
9950
10165
0
0
10482
10278
10293
99
0
10845
10466
10307
0
7936
9964
10179
10234
0
10525
10339
10355
0
10293
99
0
10861
10482
10323
10278
7952
9980
10195
0
0
10557
10383
10398
99
0
10875
10496
10339
0
7966
9994
10207
0
10264
10571
10410
10425
10293
99
0
10890
10511
10355
0
7981
10009
10222
0
0
10586
10425
10440
99
0
0
0
0
0
7995
10023
0
10248
0
0
0
0
0
10355
99
0
10904
10525
0
10339
8011
10039
0
10264
0
10629
0
0
0
10398
99
0
0
0
0
0
8027
10055
0
10278
10323
0
0
0
10355
10425
99
0
10920
10541
0
0
8043
10071
0
10293
0
10645
0
0
0
10440
99
0
10936
10557
0
10383
8059
10087
0
0
0
10677
99
0
10948
10571
0
10410
8071
10094
0
0
10371
10684
0
0
10398
99
0
10963
10586
0
10425
8086
10109
0
0
0
10699
99
0
0
0
0
0
8098
10116
0
0
10383
0
0
0
10425
99
0
10975
10600
0
0
8113
10131
0
0
10398
10706
0
0
10440
99
0
10990
10615
0
0
8128
10146
0
0
0
10721
114
0
11002
0
10466
0
8140
0
10234
0
0
0
10496
10511
114
0
0
0
0
0
8154
0
10248
10452
0
0
0
0
0
10511
114
0
11011
0
10525
10496
8170
0
10264
0
0
0
10571
10586
114
0
0
0
0
0
8184
0
10278
0
10482
0
0
0
10511
114
0
11020
0
10541
0
8199
0
10293
0
0
0
10600
10615
114
0
0
0
0
0
8229
0
10323
10482
0
0
0
0
0
10586
114
0
0
0
0
0
8261
0
10355
10511
0
0
0
0
0
10615
114
0
11029
0
10629
10571
8277
0
10371
0
0
0
10684
10699
114
0
0
0
0
0
8291
0
10383
0
10557
0
0
0
10586
114
0
11038
0
10645
10600
8306
0
10398
0
0
0
10706
10721
114
0
0
0
0
0
8335
0
10425
0
10586
0
0
0
10615
114
0
11047
0
10661
0
8350
0
10440
0
0
0
10728
10743
114
0
0
0
0
0
8396
0
0
10557
0
0
0
0
0
10699
114
0
0
0
0
0
8428
0
0
10586
0
0
0
0
0
10721
114
0
0
0
0
0
8460
0
0
10615
0
0
0
0
0
10743
114
0
11056
0
0
10684
8476
114
0
0
0
0
0
8483
0
0
0
10677
0
0
0
10699
114
0
11064
0
0
10706
8498
114
0
0
0
0
0
8520
0
0
0
10699
0
0
0
10721
114
0
11072
0
0
10728
8535
114
0
0
0
0
0
8557
0
0
0
10721
0
0
0
10743
114
0
11080
0
0
0
8572
87
0
11088
10762
0
0
8579
10153
0
0
0
10792
103
0
11100
10831
10776
0
8591
10165
10750
0
0
10861
10804
10819
103
0
11114
10845
0
0
8605
10179
0
10762
0
10904
0
0
0
10819
103
0
11130
10861
0
10804
8621
10195
0
0
0
10936
103
0
11142
10875
0
0
8633
10207
0
0
10792
10948
0
0
10819
103
0
11157
10890
0
0
8648
10222
0
0
0
10963
117
0
11169
11002
10845
0
8660
10234
10762
0
0
11011
10875
10890
117
0
0
0
0
0
8674
10248
10776
10831
0
0
0
0
0
10890
117
0
11178
11011
10904
10875
8690
10264
10792
0
0
11029
10948
10963
117
0
0
0
0
0
8704
10278
10804
0
10861
0
0
0
10890
117
0
11187
11020
10920
0
8719
10293
10819
0
0
11038
10975
10990
117
0
0
0
0
0
8749
10323
0
10861
0
0
0
0
0
10963
117
0
0
0
0
0
8781
10355
0
10890
0
0
0
0
0
10990
117
0
11196
11029
0
10948
8797
10371
0
0
0
11056
117
0
0
0
0
0
8809
10383
0
0
10936
0
0
0
10963
117
0
11204
11038
0
10975
8824
10398
0
0
0
11064
117
0
0
0
0
0
8851
10425
0
0
10963
0
0
0
10990
117
0
11212
11047
0
0
8866
10440
0
0
0
11072
124
0
0
0
0
0
8878
10452
10831
124
0
0
0
0
0
8908
10482
10861
124
0
0
0
0
0
8937
10511
10890
124
0
0
0
0
0
8983
10557
10936
124
0
0
0
0
0
9012
10586
10963
124
0
0
0
0
0
9041
10615
10990
124
0
0
0
0
0
9103
10677
124
0
0
0
0
0
9130
10699
124
0
0
0
0
0
9157
10721
124
0
0
0
0
0
9184
10743
108
0
11220
11100
0
0
9321
10750
0
0
0
11130
120
0
11232
11169
11114
0
9333
10762
11088
0
0
11178
11142
11157
120
0
0
0
0
0
9347
10776
0
11100
0
0
0
0
0
11157
120
0
11241
11178
0
11142
9363
10792
0
0
0
11196
120
0
0
0
0
0
9375
10804
0
0
11130
0
0
0
11157
120
0
11249
11187
0
0
9390
10819
0
0
0
11204
126
0
0
0
0
0
9402
10831
11100
126
0
0
0
0
0
9432
10861
11130
126
0
0
0
0
0
9461
10890
11157
126
0
0
0
0
0
9507
10936
126
0
0
0
0
0
9534
10963
126
0
0
0
0
0
9561
10990
108
0
11257
11232
0
0
9659
11088
0
0
0
11241
120
0
0
0
0
0
9671
11100
11220
120
0
0
0
0
0
9701
11130
120
0
0
0
0
0
9728
11157
108
0
0
0
0
0
0
11220
